sub	run	trial	soa	audio	drive_Type	audio_Type	TTFF_FLWM	TTFF_HLWM	FLWM	HLWM
1	2	1	0	2	1	1	NA	NA	0	0
1	2	2	200	2	1	1	NA	NA	0	0
1	2	3	200	3	1	1	0.7154928	NA	1	0
1	2	4	0	3	1	1	NA	NA	0	0
1	2	5	400	3	1	1	0.8318604	NA	1	0
1	2	6	0	1	1	1	NA	0.6322819	0	1
1	2	7	200	3	1	1	NA	NA	0	0
1	2	8	400	2	1	1	NA	NA	0	0
1	2	9	600	3	1	1	NA	1.3977039	0	1
1	2	10	0	2	1	1	NA	NA	0	0
1	2	11	600	3	1	1	NA	NA	0	0
1	2	12	400	1	1	1	NA	NA	0	0
1	2	13	400	1	1	1	NA	NA	0	0
1	2	14	200	1	1	1	NA	NA	0	0
1	2	15	400	3	1	1	NA	0.4991609	0	1
1	2	16	600	1	1	1	NA	NA	0	0
1	2	17	600	1	1	1	NA	NA	0	0
1	2	18	0	1	1	1	NA	NA	0	0
1	2	19	0	3	1	1	NA	NA	0	0
1	2	20	600	2	1	1	NA	NA	0	0
1	2	21	200	1	1	1	NA	NA	0	0
1	2	22	200	2	1	1	NA	NA	0	0
1	2	23	600	2	1	1	NA	NA	0	0
1	2	24	400	2	1	1	NA	NA	0	0
1	6	1	200	2	2	1	NA	NA	0	0
1	6	2	400	1	2	1	NA	NA	0	0
1	6	3	600	3	2	1	NA	NA	0	0
1	6	4	600	2	2	1	NA	NA	0	0
1	6	5	600	1	2	1	NA	NA	0	0
1	6	6	200	2	2	1	NA	NA	0	0
1	6	7	400	2	2	1	NA	NA	0	0
1	6	8	400	1	2	1	NA	NA	0	0
1	6	9	600	2	2	1	NA	NA	0	0
1	6	10	400	3	2	1	0.6323158	NA	1	0
1	6	11	400	2	2	1	NA	NA	0	0
1	6	12	200	1	2	1	NA	NA	0	0
1	6	13	200	1	2	1	NA	NA	0	0
1	6	14	0	1	2	1	NA	NA	0	0
1	6	15	0	2	2	1	NA	NA	0	0
1	6	16	200	3	2	1	NA	NA	0	0
1	6	17	0	3	2	1	NA	NA	0	0
1	6	18	600	1	2	1	NA	NA	0	0
1	6	19	200	3	2	1	NA	NA	0	0
1	6	20	0	2	2	1	NA	NA	0	0
1	6	21	600	3	2	1	0.5490916	NA	1	0
1	6	22	0	3	2	1	0.7487573	NA	1	0
1	6	23	400	3	2	1	NA	NA	0	0
1	6	24	0	1	2	1	NA	NA	0	0
2	4	1	200	2	1	1	NA	NA	0	0
2	4	2	400	3	1	1	NA	NA	0	0
2	4	3	0	3	1	1	NA	NA	0	0
2	4	4	400	3	1	1	NA	NA	0	0
2	4	5	200	3	1	1	NA	NA	0	0
2	4	6	600	1	1	1	NA	NA	0	0
2	4	7	400	2	1	1	NA	NA	0	0
2	4	8	200	3	1	1	NA	NA	0	0
2	4	9	400	2	1	1	NA	NA	0	0
2	4	10	600	1	1	1	NA	NA	0	0
2	4	11	0	1	1	1	NA	NA	0	0
2	4	12	600	2	1	1	NA	NA	0	0
2	4	13	200	2	1	1	NA	NA	0	0
2	4	14	600	3	1	1	NA	NA	0	0
2	4	15	0	2	1	1	NA	NA	0	0
2	4	16	200	1	1	1	NA	NA	0	0
2	4	17	600	3	1	1	NA	NA	0	0
2	4	18	0	1	1	1	NA	NA	0	0
2	4	19	600	2	1	1	NA	NA	0	0
2	4	20	0	3	1	1	NA	NA	0	0
2	4	21	400	1	1	1	NA	NA	0	0
2	4	22	0	2	1	1	NA	NA	0	0
2	4	23	400	1	1	1	NA	NA	0	0
2	4	24	200	1	1	1	NA	NA	0	0
2	8	1	0	1	2	1	NA	NA	0	0
2	8	2	200	3	2	1	NA	NA	0	0
2	8	3	200	3	2	1	NA	NA	0	0
2	8	4	0	3	2	1	NA	0.7321221	0	1
2	8	5	400	1	2	1	NA	1.5806034	0	1
2	8	6	200	1	2	1	NA	NA	0	0
2	8	7	200	2	2	1	NA	NA	0	0
2	8	8	400	3	2	1	NA	NA	0	0
2	8	9	600	2	2	1	NA	NA	0	0
2	8	10	400	2	2	1	NA	NA	0	0
2	8	11	0	1	2	1	NA	NA	0	0
2	8	12	0	3	2	1	NA	NA	0	0
2	8	13	0	2	2	1	NA	NA	0	0
2	8	14	600	3	2	1	NA	NA	0	0
2	8	15	600	3	2	1	NA	NA	0	0
2	8	16	400	1	2	1	NA	NA	0	0
2	8	17	200	2	2	1	NA	NA	0	0
2	8	18	400	2	2	1	NA	NA	0	0
2	8	19	400	3	2	1	NA	NA	0	0
2	8	20	600	2	2	1	NA	NA	0	0
2	8	21	600	1	2	1	NA	NA	0	0
2	8	22	0	2	2	1	NA	NA	0	0
2	8	23	200	1	2	1	NA	NA	0	0
2	8	24	600	1	2	1	NA	NA	0	0
3	2	1	400	3	2	1	NA	NA	0	0
3	2	2	600	2	2	1	NA	NA	0	0
3	2	3	0	1	2	1	NA	NA	0	0
3	2	4	0	2	2	1	NA	NA	0	0
3	2	5	0	1	2	1	NA	NA	0	0
3	2	6	400	2	2	1	NA	NA	0	0
3	2	7	0	2	2	1	NA	NA	0	0
3	2	8	400	2	2	1	NA	NA	0	0
3	2	9	0	3	2	1	NA	NA	0	0
3	2	10	600	3	2	1	NA	NA	0	0
3	2	11	600	3	2	1	NA	NA	0	0
3	2	12	600	1	2	1	NA	NA	0	0
3	2	13	200	2	2	1	NA	NA	0	0
3	2	14	0	3	2	1	NA	NA	0	0
3	2	15	200	1	2	1	NA	NA	0	0
3	2	16	200	3	2	1	NA	NA	0	0
3	2	17	400	1	2	1	NA	NA	0	0
3	2	18	200	1	2	1	NA	NA	0	0
3	2	19	600	2	2	1	NA	NA	0	0
3	2	20	200	3	2	1	NA	NA	0	0
3	2	21	400	1	2	1	NA	NA	0	0
3	2	22	200	2	2	1	NA	NA	0	0
3	2	23	400	3	2	1	NA	NA	0	0
3	2	24	600	1	2	1	NA	NA	0	0
3	6	1	400	1	1	1	NA	NA	0	0
3	6	2	600	2	1	1	NA	NA	0	0
3	6	3	400	3	1	1	NA	NA	0	0
3	6	4	200	3	1	1	NA	NA	0	0
3	6	5	200	1	1	1	NA	NA	0	0
3	6	6	0	2	1	1	NA	NA	0	0
3	6	7	400	2	1	1	NA	NA	0	0
3	6	8	600	1	1	1	NA	NA	0	0
3	6	9	0	3	1	1	NA	NA	0	0
3	6	10	0	1	1	1	NA	NA	0	0
3	6	11	600	3	1	1	NA	NA	0	0
3	6	12	400	1	1	1	NA	NA	0	0
3	6	13	0	3	1	1	NA	NA	0	0
3	6	14	200	2	1	1	NA	NA	0	0
3	6	15	400	3	1	1	NA	NA	0	0
3	6	16	600	2	1	1	NA	NA	0	0
3	6	17	0	1	1	1	NA	NA	0	0
3	6	18	600	3	1	1	NA	NA	0	0
3	6	19	400	2	1	1	NA	NA	0	0
3	6	20	200	2	1	1	NA	NA	0	0
3	6	21	200	3	1	1	NA	NA	0	0
3	6	22	600	1	1	1	NA	NA	0	0
3	6	23	0	2	1	1	NA	NA	0	0
4	4	1	600	3	2	1	0.183027	NA	1	0
4	4	2	200	3	2	1	0.2995093	NA	1	0
4	4	3	600	1	2	1	0.4492743	NA	1	0
4	4	4	600	1	2	1	0.432613	NA	1	0
4	4	5	0	3	2	1	NA	0.6322996	0	1
4	4	6	0	2	2	1	NA	0.6156382	0	1
4	4	7	200	1	2	1	0.6489283	NA	1	0
4	4	8	400	2	2	1	NA	0.0665523	0	1
4	4	9	600	2	2	1	NA	0	0	1
4	4	10	200	2	2	1	NA	0.1996479	0	1
4	4	11	600	3	2	1	NA	0.3993472	0	1
4	4	12	0	2	2	1	NA	0.3660693	0	1
4	4	13	200	3	2	1	NA	0.2995138	0	1
4	4	14	400	3	2	1	0.1663774	NA	1	0
4	4	15	400	1	2	1	0.3327861	NA	1	0
4	4	16	400	1	2	1	0.1830637	NA	1	0
4	4	17	400	3	2	1	NA	0.4494149	0	1
4	4	18	400	2	2	1	NA	0.5657365	0	1
4	4	19	0	1	2	1	0.4492504	NA	1	0
4	4	20	600	2	2	1	NA	0.0166587	0	1
4	4	21	0	3	2	1	0.5823684	NA	1	0
4	4	22	0	1	2	1	NA	NA	0	0
4	4	23	200	1	2	1	0.3827543	NA	1	0
4	4	24	200	2	2	1	NA	0.2829675	0	1
4	8	1	200	3	1	1	0.5158219	NA	1	0
4	8	2	200	1	1	1	NA	0	0	1
4	8	3	600	2	1	1	0	NA	1	0
4	8	4	0	3	1	1	0.3660378	NA	1	0
4	8	5	200	1	1	1	NA	0.3827068	0	1
4	8	6	600	3	1	1	0	NA	1	0
4	8	7	400	3	1	1	NA	0	0	1
4	8	8	600	3	1	1	NA	0	0	1
4	8	9	600	1	1	1	NA	0	0	1
4	8	10	600	1	1	1	NA	0.0166366	0	1
4	8	11	400	1	1	1	NA	0.0334152	0	1
4	8	12	200	2	1	1	0.2496174	NA	1	0
4	8	13	0	3	1	1	NA	0.4990944	0	1
4	8	14	400	1	1	1	NA	0.3161371	0	1
4	8	15	0	1	1	1	NA	0.4658889	0	1
4	8	16	0	2	1	1	0.3494032	NA	1	0
4	8	17	200	2	1	1	0.1996712	NA	1	0
4	8	18	400	2	1	1	0.2329032	NA	1	0
4	8	19	400	3	1	1	0.4492809	NA	1	0
4	8	20	200	3	1	1	NA	0.216364	0	1
4	8	21	400	2	1	1	0.1164853	NA	1	0
4	8	22	0	1	1	1	NA	0.5823825	0	1
4	8	23	600	2	1	1	0	NA	1	0
4	8	24	0	2	1	1	0.4492636	NA	1	0
5	2	1	600	1	1	1	NA	NA	0	0
5	2	2	600	1	1	1	NA	NA	0	0
5	2	3	0	3	1	1	NA	1.1314717	0	1
5	2	4	400	2	1	1	NA	NA	0	0
5	2	5	200	2	1	1	NA	NA	0	0
5	2	6	400	2	1	1	NA	NA	0	0
5	2	7	600	3	1	1	NA	NA	0	0
5	2	8	200	1	1	1	NA	NA	0	0
5	2	9	0	3	1	1	NA	NA	0	0
5	2	10	0	1	1	1	NA	NA	0	0
5	2	11	400	3	1	1	NA	NA	0	0
5	2	12	400	3	1	1	NA	NA	0	0
5	2	13	0	2	1	1	NA	NA	0	0
5	2	14	600	2	1	1	NA	NA	0	0
5	2	15	0	1	1	1	NA	NA	0	0
5	2	16	200	2	1	1	NA	NA	0	0
5	2	17	0	2	1	1	NA	NA	0	0
5	2	18	600	2	1	1	NA	NA	0	0
5	2	19	200	3	1	1	NA	NA	0	0
5	2	20	400	1	1	1	NA	NA	0	0
5	2	21	600	3	1	1	NA	NA	0	0
5	2	22	400	1	1	1	NA	NA	0	0
5	2	23	200	1	1	1	NA	NA	0	0
5	2	24	200	3	1	1	NA	NA	0	0
5	6	1	0	2	2	1	NA	NA	0	0
5	6	2	400	1	2	1	NA	NA	0	0
5	6	3	600	2	2	1	NA	NA	0	0
5	6	4	400	2	2	1	NA	NA	0	0
5	6	5	400	3	2	1	NA	NA	0	0
5	6	6	200	3	2	1	NA	NA	0	0
5	6	7	200	1	2	1	NA	NA	0	0
5	6	8	600	1	2	1	NA	NA	0	0
5	6	9	0	3	2	1	NA	NA	0	0
5	6	10	600	3	2	1	NA	NA	0	0
5	6	11	0	2	2	1	NA	NA	0	0
5	6	12	0	3	2	1	NA	NA	0	0
5	6	13	400	3	2	1	NA	NA	0	0
5	6	14	600	3	2	1	NA	NA	0	0
5	6	15	400	1	2	1	NA	NA	0	0
5	6	16	200	3	2	1	NA	NA	0	0
5	6	17	200	1	2	1	NA	NA	0	0
5	6	18	200	2	2	1	NA	NA	0	0
5	6	19	600	2	2	1	NA	NA	0	0
5	6	20	600	1	2	1	NA	NA	0	0
5	6	21	200	2	2	1	NA	NA	0	0
5	6	22	400	2	2	1	NA	NA	0	0
5	6	23	0	1	2	1	NA	NA	0	0
5	6	24	0	1	2	1	NA	NA	0	0
6	4	1	600	2	1	1	NA	NA	0	0
6	4	2	0	2	1	1	1.4975408	NA	1	0
6	4	3	0	2	1	1	1.231285	NA	1	0
6	4	4	200	3	1	1	1.6805557	NA	1	0
6	4	5	400	1	1	1	NA	0.8320009	0	1
6	4	6	600	3	1	1	NA	1.015005	0	1
6	4	7	200	3	1	1	NA	0.8985103	0	1
6	4	8	200	2	1	1	0.9318101	NA	1	0
6	4	9	400	3	1	1	NA	0.9484743	0	1
6	4	10	200	1	1	1	NA	1.0983289	0	1
6	4	11	600	3	1	1	0.7654058	NA	1	0
6	4	12	400	3	1	1	0.8985214	NA	1	0
6	4	13	200	2	1	1	NA	NA	0	0
6	4	14	400	1	1	1	NA	0.6821994	0	1
6	4	15	600	1	1	1	NA	0.7322801	0	1
6	4	16	600	1	1	1	NA	NA	0	0
6	4	17	600	2	1	1	0.5656066	NA	1	0
6	4	18	0	1	1	1	NA	0.9650729	0	1
6	4	19	200	1	1	1	NA	NA	0	0
6	4	20	400	2	1	1	0.5491365	NA	1	0
6	4	21	0	3	1	1	1.0981719	NA	1	0
6	4	22	400	2	1	1	0.6489365	NA	1	0
6	4	23	0	1	1	1	NA	1.1647402	0	1
6	8	1	600	2	2	1	NA	0.6655692	0	1
6	8	2	400	2	2	1	NA	0.6322722	0	1
6	8	3	0	3	2	1	1.2144656	NA	1	0
6	8	4	200	1	2	1	0.9151648	NA	1	0
6	8	5	0	3	2	1	NA	0.8817245	0	1
6	8	6	0	2	2	1	NA	0.815341	0	1
6	8	7	200	1	2	1	0.8819204	NA	1	0
6	8	8	0	2	2	1	NA	0.8652378	0	1
6	8	9	600	2	2	1	NA	0.665564	0	1
6	8	10	400	1	2	1	1.5975384	NA	1	0
6	8	11	400	1	2	1	1.6306418	NA	1	0
6	8	12	0	1	2	1	1.2313041	NA	1	0
6	8	13	200	3	2	1	NA	0.9817094	0	1
6	8	14	200	3	2	1	0.8153175	NA	1	0
6	8	15	600	3	2	1	0.7155053	NA	1	0
6	8	16	600	3	2	1	NA	0.7154588	0	1
6	8	17	600	1	2	1	NA	NA	0	0
6	8	18	600	1	2	1	0.5657425	NA	1	0
6	8	19	200	2	2	1	NA	0.449251	0	1
6	8	20	400	3	2	1	0.7986809	NA	1	0
6	8	21	200	2	2	1	NA	0.7155012	0	1
6	8	22	0	1	2	1	0.8651644	NA	1	0
6	8	23	400	2	2	1	NA	0.5324595	0	1
6	8	24	400	3	2	1	NA	0.7487953	0	1
7	2	1	0	2	2	1	NA	NA	0	0
7	2	2	600	1	2	1	NA	1.0651094	0	1
7	2	3	400	1	2	1	NA	NA	0	0
7	2	4	200	1	2	1	2.1299528	0.9650679	1	1
7	2	5	200	2	2	1	1.2978432	0.599009	1	1
7	2	6	400	3	2	1	NA	0.8154427	0	1
7	2	7	600	2	2	1	2.4293228	0.8485818	1	1
7	2	8	400	2	2	1	0.582383	1.3977805	1	1
7	2	9	0	1	2	1	NA	0.7321009	0	1
7	2	10	600	2	2	1	1.1647519	2.5957154	1	1
7	2	11	400	1	2	1	NA	0.7154828	0	1
7	2	12	0	3	2	1	NA	2.8120311	0	1
7	2	13	600	1	2	1	1.3975399	2.5456443	1	1
7	2	14	200	3	2	1	NA	NA	0	0
7	2	15	400	3	2	1	1.0980741	NA	1	0
7	2	16	600	3	2	1	1.1647511	NA	1	0
7	2	17	0	2	2	1	NA	0.9318303	0	1
7	2	18	200	2	2	1	NA	0.6821197	0	1
7	2	19	0	1	2	1	NA	0.7154705	0	1
7	2	20	600	3	2	1	NA	0.7986529	0	1
7	2	21	0	3	2	1	1.846944	0.865218	1	1
7	2	22	200	3	2	1	0.8153493	NA	1	0
7	2	23	400	2	2	1	1.5641143	0.4825309	1	1
7	2	24	200	1	2	1	NA	0.7654478	0	1
7	6	1	400	1	1	1	NA	0.5990322	0	1
7	6	2	600	2	1	1	1.1315321	NA	1	0
7	6	3	200	3	1	1	NA	0.6655873	0	1
7	6	4	600	1	1	1	NA	NA	0	0
7	6	5	200	1	1	1	NA	NA	0	0
7	6	6	200	2	1	1	0.9650817	NA	1	0
7	6	7	200	3	1	1	NA	0	0	1
7	6	8	400	2	1	1	NA	NA	0	0
7	6	9	0	1	1	1	NA	NA	0	0
7	6	10	600	2	1	1	0.2163083	NA	1	0
7	6	11	600	1	1	1	1.0316362	2.9451457	1	1
7	6	12	600	3	1	1	NA	0.8153445	0	1
7	6	13	0	3	1	1	NA	NA	0	0
7	6	14	400	1	1	1	NA	NA	0	0
7	6	15	400	2	1	1	0.5324917	NA	1	0
7	6	16	200	1	1	1	0.8486142	NA	1	0
7	6	17	200	2	1	1	NA	NA	0	0
7	6	18	400	3	1	1	NA	0.2329419	0	1
7	6	19	0	2	1	1	0.8486091	NA	1	0
7	6	20	0	1	1	1	0.1164263	NA	1	0
7	6	21	0	3	1	1	NA	1.3976902	0	1
7	6	22	400	3	1	1	0.9650658	NA	1	0
7	6	23	0	2	1	1	NA	0	0	1
7	6	24	600	3	1	1	NA	NA	0	0
8	4	1	200	1	2	1	NA	NA	0	0
8	4	2	200	3	2	1	NA	NA	0	0
8	4	3	200	3	2	1	NA	NA	0	0
8	4	4	600	3	2	1	NA	NA	0	0
8	4	5	0	2	2	1	NA	NA	0	0
8	4	6	200	1	2	1	NA	NA	0	0
8	4	7	600	1	2	1	NA	NA	0	0
8	4	8	0	2	2	1	NA	NA	0	0
8	4	9	0	3	2	1	NA	NA	0	0
8	4	10	400	1	2	1	NA	NA	0	0
8	4	11	400	3	2	1	0.9484485	NA	1	0
8	4	12	600	1	2	1	NA	NA	0	0
8	4	13	400	2	2	1	NA	NA	0	0
8	4	14	200	2	2	1	NA	NA	0	0
8	4	15	400	2	2	1	NA	NA	0	0
8	4	16	0	1	2	1	NA	NA	0	0
8	4	17	0	3	2	1	NA	NA	0	0
8	4	18	600	3	2	1	NA	NA	0	0
8	4	19	600	2	2	1	NA	NA	0	0
8	4	20	600	2	2	1	NA	NA	0	0
8	4	21	200	2	2	1	NA	NA	0	0
8	4	22	400	1	2	1	NA	NA	0	0
8	4	23	0	1	2	1	NA	NA	0	0
8	8	1	400	3	1	1	NA	NA	0	0
8	8	2	200	1	1	1	NA	NA	0	0
8	8	3	600	3	1	1	NA	NA	0	0
8	8	4	0	2	1	1	NA	NA	0	0
8	8	5	200	2	1	1	NA	NA	0	0
8	8	6	600	1	1	1	NA	NA	0	0
8	8	7	400	3	1	1	NA	NA	0	0
8	8	8	400	1	1	1	NA	NA	0	0
8	8	9	200	3	1	1	NA	NA	0	0
8	8	10	600	1	1	1	NA	NA	0	0
8	8	11	400	1	1	1	NA	NA	0	0
8	8	12	200	2	1	1	NA	NA	0	0
8	8	13	0	3	1	1	NA	NA	0	0
8	8	14	200	3	1	1	NA	NA	0	0
8	8	15	0	1	1	1	NA	NA	0	0
8	8	16	400	2	1	1	NA	NA	0	0
8	8	17	600	3	1	1	NA	NA	0	0
8	8	18	600	2	1	1	NA	NA	0	0
8	8	19	400	2	1	1	NA	NA	0	0
8	8	20	0	2	1	1	NA	NA	0	0
8	8	21	0	3	1	1	NA	NA	0	0
8	8	22	600	2	1	1	NA	NA	0	0
8	8	23	200	1	1	1	NA	NA	0	0
8	8	24	0	1	1	1	NA	NA	0	0
9	2	1	0	2	1	1	0.6822435	NA	1	0
9	2	2	0	1	1	1	0.7155029	NA	1	0
9	2	3	200	3	1	1	NA	0.4991953	0	1
9	2	4	0	1	1	1	0.7654237	NA	1	0
9	2	5	400	1	1	1	0.5990692	NA	1	0
9	2	6	200	2	1	1	0.4825738	NA	1	0
9	2	7	400	3	1	1	NA	0.4492589	0	1
9	2	8	0	3	1	1	NA	0.8319898	0	1
9	2	9	600	3	1	1	0.7987091	NA	1	0
9	2	10	200	1	1	1	0.648969	NA	1	0
9	2	11	600	1	1	1	0.5324081	NA	1	0
9	2	12	400	1	1	1	0.5158363	NA	1	0
9	2	13	400	2	1	1	0.4826191	NA	1	0
9	2	14	200	1	1	1	0.5158354	NA	1	0
9	2	15	0	2	1	1	1.0648323	NA	1	0
9	2	16	200	2	1	1	0.415993	NA	1	0
9	2	17	400	3	1	1	NA	0.5490875	0	1
9	2	18	600	1	1	1	0.4659063	NA	1	0
9	2	19	600	2	1	1	0.5823662	NA	1	0
9	2	20	600	2	1	1	0.0332841	NA	1	0
9	2	21	0	3	1	1	0.698868	NA	1	0
9	2	22	200	3	1	1	NA	0.6656253	0	1
9	2	23	400	2	1	1	0.1830271	NA	1	0
9	2	24	600	3	1	1	NA	0.4327162	0	1
9	6	1	0	1	2	1	NA	0.8486185	0	1
9	6	2	600	3	2	1	NA	0.4494343	0	1
9	6	3	400	1	2	1	NA	NA	0	0
9	6	4	200	3	2	1	NA	NA	0	0
9	6	5	200	2	2	1	NA	0.5491194	0	1
9	6	6	0	3	2	1	NA	NA	0	0
9	6	7	200	3	2	1	NA	0.5823991	0	1
9	6	8	400	2	2	1	NA	0.4492771	0	1
9	6	9	400	1	2	1	1.2146986	0.5324896	1	1
9	6	10	600	2	2	1	NA	0.4159952	0	1
9	6	11	400	3	2	1	NA	0.4326389	0	1
9	6	12	200	1	2	1	NA	0.6156584	0	1
9	6	13	0	3	2	1	NA	0.6156561	0	1
9	6	14	0	1	2	1	0.7820243	NA	1	0
9	6	15	200	2	2	1	NA	0.4492719	0	1
9	6	16	600	2	2	1	NA	0	0	1
9	6	17	200	1	2	1	0.6157826	NA	1	0
9	6	18	400	3	2	1	0.5158223	NA	1	0
9	6	19	600	3	2	1	0.565746	NA	1	0
9	6	20	600	1	2	1	0.6988902	NA	1	0
9	6	21	600	1	2	1	NA	NA	0	0
9	6	22	0	2	2	1	NA	0.5657299	0	1
9	6	23	0	2	2	1	NA	0.5990596	0	1
9	6	24	400	2	2	1	1.0484647	NA	1	0
10	4	1	200	2	1	1	NA	NA	0	0
10	4	2	0	2	1	1	NA	NA	0	0
10	4	3	0	2	1	1	NA	NA	0	0
10	4	4	400	2	1	1	NA	NA	0	0
10	4	5	0	3	1	1	NA	NA	0	0
10	4	6	0	3	1	1	0.5657347	NA	1	0
10	4	7	400	3	1	1	0.2662395	NA	1	0
10	4	8	200	1	1	1	NA	NA	0	0
10	4	9	400	2	1	1	NA	NA	0	0
10	4	10	200	1	1	1	NA	NA	0	0
10	4	11	600	2	1	1	NA	NA	0	0
10	4	12	200	2	1	1	NA	NA	0	0
10	4	13	600	3	1	1	0	NA	1	0
10	4	14	0	1	1	1	NA	NA	0	0
10	4	15	600	1	1	1	NA	NA	0	0
10	4	16	200	3	1	1	0.5491011	NA	1	0
10	4	17	600	1	1	1	NA	NA	0	0
10	4	18	0	1	1	1	NA	NA	0	0
10	4	19	400	1	1	1	NA	NA	0	0
10	4	20	200	3	1	1	NA	0.5324636	0	1
10	4	21	600	3	1	1	NA	0	0	1
10	4	22	600	2	1	1	NA	NA	0	0
10	4	23	400	3	1	1	NA	0.2163169	0	1
10	4	24	400	1	1	1	NA	NA	0	0
10	8	1	200	3	2	1	NA	0.4492679	0	1
10	8	2	0	1	2	1	NA	NA	0	0
10	8	3	400	2	2	1	NA	NA	0	0
10	8	4	400	1	2	1	NA	NA	0	0
10	8	5	0	3	2	1	0.648927	NA	1	0
10	8	6	200	1	2	1	NA	NA	0	0
10	8	7	600	3	2	1	NA	NA	0	0
10	8	8	600	2	2	1	NA	NA	0	0
10	8	9	200	2	2	1	NA	NA	0	0
10	8	10	0	1	2	1	NA	NA	0	0
10	8	11	0	3	2	1	NA	NA	0	0
10	8	12	200	3	2	1	NA	NA	0	0
10	8	13	400	2	2	1	NA	NA	0	0
10	8	14	400	3	2	1	NA	0.4159932	0	1
10	8	15	0	2	2	1	NA	NA	0	0
10	8	16	400	1	2	1	NA	NA	0	0
10	8	17	200	2	2	1	NA	NA	0	0
10	8	18	400	3	2	1	0.2329369	NA	1	0
10	8	19	600	1	2	1	NA	NA	0	0
10	8	20	600	2	2	1	NA	NA	0	0
10	8	21	0	2	2	1	NA	NA	0	0
10	8	22	200	1	2	1	NA	NA	0	0
10	8	23	600	1	2	1	NA	NA	0	0
10	8	24	600	3	2	1	NA	0.2164544	0	1
11	2	1	200	3	2	1	NA	NA	0	0
11	2	2	400	3	2	1	NA	NA	0	0
11	2	3	600	1	2	1	NA	NA	0	0
11	2	4	0	3	2	1	NA	NA	0	0
11	2	5	600	3	2	1	NA	NA	0	0
11	2	6	600	2	2	1	NA	NA	0	0
11	2	7	200	1	2	1	NA	NA	0	0
11	2	8	400	3	2	1	NA	NA	0	0
11	2	9	0	2	2	1	NA	NA	0	0
11	2	10	0	2	2	1	NA	NA	0	0
11	2	11	600	1	2	1	NA	NA	0	0
11	2	12	200	2	2	1	NA	NA	0	0
11	2	13	0	1	2	1	NA	NA	0	0
11	2	14	400	1	2	1	NA	NA	0	0
11	2	15	400	2	2	1	NA	NA	0	0
11	2	16	200	3	2	1	NA	NA	0	0
11	2	17	400	1	2	1	NA	NA	0	0
11	2	18	200	1	2	1	NA	NA	0	0
11	2	19	200	2	2	1	NA	NA	0	0
11	2	20	600	2	2	1	NA	NA	0	0
11	2	21	0	3	2	1	NA	NA	0	0
11	2	22	0	1	2	1	NA	NA	0	0
11	2	23	600	3	2	1	NA	NA	0	0
11	2	24	400	2	2	1	NA	NA	0	0
11	6	1	600	3	1	1	NA	NA	0	0
11	6	2	400	3	1	1	NA	NA	0	0
11	6	3	200	3	1	1	NA	NA	0	0
11	6	4	400	1	1	1	NA	NA	0	0
11	6	5	200	2	1	1	NA	NA	0	0
11	6	6	200	1	1	1	NA	NA	0	0
11	6	7	600	3	1	1	NA	NA	0	0
11	6	8	600	2	1	1	NA	NA	0	0
11	6	9	200	3	1	1	NA	NA	0	0
11	6	10	600	1	1	1	NA	NA	0	0
11	6	11	0	1	1	1	NA	NA	0	0
11	6	12	400	1	1	1	NA	NA	0	0
11	6	13	200	1	1	1	NA	NA	0	0
11	6	14	200	2	1	1	NA	NA	0	0
11	6	15	0	3	1	1	NA	NA	0	0
11	6	16	0	2	1	1	NA	NA	0	0
11	6	17	400	3	1	1	NA	NA	0	0
11	6	18	400	2	1	1	NA	NA	0	0
11	6	19	400	2	1	1	NA	NA	0	0
11	6	20	0	2	1	1	NA	NA	0	0
11	6	21	0	3	1	1	NA	NA	0	0
11	6	22	0	1	1	1	NA	NA	0	0
11	6	23	600	2	1	1	NA	NA	0	0
11	6	24	600	1	1	1	NA	NA	0	0
12	4	1	600	3	2	1	NA	NA	0	0
12	4	2	400	2	2	1	NA	NA	0	0
12	4	3	400	3	2	1	NA	NA	0	0
12	4	4	600	1	2	1	NA	3.0784068	0	1
12	4	5	600	3	2	1	NA	NA	0	0
12	4	6	200	1	2	1	NA	NA	0	0
12	4	7	600	1	2	1	NA	NA	0	0
12	4	8	600	2	2	1	NA	NA	0	0
12	4	9	400	1	2	1	NA	1.4308842	0	1
12	4	10	400	2	2	1	NA	NA	0	0
12	4	11	0	2	2	1	NA	NA	0	0
12	4	12	200	3	2	1	NA	NA	0	0
12	4	13	0	3	2	1	NA	NA	0	0
12	4	14	0	1	2	1	NA	NA	0	0
12	4	15	400	3	2	1	NA	NA	0	0
12	4	16	0	3	2	1	NA	NA	0	0
12	4	17	600	2	2	1	NA	NA	0	0
12	4	18	400	1	2	1	NA	NA	0	0
12	4	19	200	2	2	1	NA	NA	0	0
12	4	20	0	2	2	1	NA	NA	0	0
12	4	21	200	2	2	1	NA	NA	0	0
12	4	22	0	1	2	1	NA	NA	0	0
12	4	23	200	1	2	1	NA	NA	0	0
12	4	24	200	3	2	1	NA	NA	0	0
12	8	1	400	1	1	1	NA	NA	0	0
12	8	2	0	2	1	1	NA	NA	0	0
12	8	3	600	2	1	1	NA	NA	0	0
12	8	4	400	2	1	1	NA	NA	0	0
12	8	5	600	2	1	1	NA	NA	0	0
12	8	6	0	1	1	1	NA	NA	0	0
12	8	7	0	3	1	1	NA	NA	0	0
12	8	8	200	2	1	1	NA	NA	0	0
12	8	9	200	2	1	1	NA	NA	0	0
12	8	10	200	3	1	1	NA	NA	0	0
12	8	11	400	1	1	1	NA	NA	0	0
12	8	12	0	1	1	1	NA	NA	0	0
12	8	13	200	1	1	1	NA	NA	0	0
12	8	14	400	3	1	1	NA	NA	0	0
12	8	15	600	1	1	1	NA	NA	0	0
12	8	16	600	3	1	1	NA	NA	0	0
12	8	17	600	1	1	1	NA	NA	0	0
12	8	18	200	3	1	1	NA	NA	0	0
12	8	19	400	2	1	1	NA	NA	0	0
12	8	20	600	3	1	1	NA	NA	0	0
12	8	21	200	1	1	1	NA	NA	0	0
12	8	22	0	3	1	1	NA	NA	0	0
12	8	23	400	3	1	1	NA	NA	0	0
12	8	24	0	2	1	1	NA	NA	0	0
13	2	1	200	1	1	1	0.4492772	NA	1	0
13	2	2	400	1	1	1	0.1497622	NA	1	0
13	2	3	200	2	1	1	0.5656188	NA	1	0
13	2	4	200	1	1	1	0.9650711	NA	1	0
13	2	5	0	3	1	1	NA	0.8651455	0	1
13	2	6	400	1	1	1	0.4327863	NA	1	0
13	2	7	0	3	1	1	0.7321181	NA	1	0
13	2	8	0	2	1	1	0.8486082	NA	1	0
13	2	9	200	3	1	1	1.1813827	0.515811	1	1
13	2	10	200	2	1	1	0.648945	NA	1	0
13	2	11	0	2	1	1	0.6156503	NA	1	0
13	2	12	200	3	1	1	0.6988612	NA	1	0
13	2	13	400	3	1	1	0.249595	NA	1	0
13	2	14	0	1	1	1	NA	0.5822718	0	1
13	2	15	400	2	1	1	0.2495906	NA	1	0
13	2	16	600	3	1	1	0.748876	NA	1	0
13	2	17	600	2	1	1	0.5158071	NA	1	0
13	2	18	600	2	1	1	0	NA	1	0
13	2	19	0	1	1	1	0.8319793	NA	1	0
13	2	20	600	3	1	1	0.8319825	0.3827114	1	1
13	2	21	600	1	1	1	0.4326048	NA	1	0
13	2	22	400	2	1	1	0.5657378	NA	1	0
13	2	23	400	3	1	1	NA	0.5657288	0	1
13	2	24	600	1	1	1	0.5490177	NA	1	0
13	6	1	0	2	2	1	NA	NA	0	0
13	6	2	600	2	2	1	NA	NA	0	0
13	6	3	400	1	2	1	NA	0.6823217	0	1
13	6	4	400	2	2	1	NA	NA	0	0
13	6	5	200	1	2	1	NA	NA	0	0
13	6	6	400	3	2	1	NA	0.5490831	0	1
13	6	7	0	1	2	1	NA	0.8153348	0	1
13	6	8	0	3	2	1	0.6822374	NA	1	0
13	6	9	600	2	2	1	NA	0.3993476	0	1
13	6	10	400	1	2	1	NA	0.3660688	0	1
13	6	11	200	2	2	1	NA	NA	0	0
13	6	12	0	1	2	1	NA	NA	0	0
13	6	13	600	3	2	1	NA	NA	0	0
13	6	14	200	2	2	1	NA	NA	0	0
13	6	15	0	3	2	1	NA	0.5658512	0	1
13	6	16	200	1	2	1	0.6822251	NA	1	0
13	6	17	600	3	2	1	NA	NA	0	0
13	6	18	200	3	2	1	NA	NA	0	0
13	6	19	400	3	2	1	0.6156505	NA	1	0
13	6	20	0	2	2	1	NA	NA	0	0
13	6	21	600	1	2	1	0	NA	1	0
13	6	22	400	2	2	1	NA	0.2329365	0	1
13	6	23	600	1	2	1	NA	NA	0	0
13	6	24	200	3	2	1	NA	NA	0	0
14	4	1	0	3	1	1	NA	NA	0	0
14	4	2	200	3	1	1	1.4642871	NA	1	0
14	4	3	600	3	1	1	NA	NA	0	0
14	4	4	400	3	1	1	NA	NA	0	0
14	4	5	400	1	1	1	NA	NA	0	0
14	4	6	200	1	1	1	NA	NA	0	0
14	4	7	0	1	1	1	NA	NA	0	0
14	4	8	600	2	1	1	NA	NA	0	0
14	4	9	600	3	1	1	NA	0.8652509	0	1
14	4	10	400	3	1	1	NA	0.6323108	0	1
14	4	11	600	2	1	1	NA	NA	0	0
14	4	12	200	1	1	1	NA	NA	0	0
14	4	13	400	2	1	1	NA	NA	0	0
14	4	14	0	1	1	1	NA	NA	0	0
14	4	15	600	1	1	1	NA	NA	0	0
14	4	16	0	3	1	1	NA	NA	0	0
14	4	17	0	2	1	1	NA	NA	0	0
14	4	18	600	1	1	1	NA	NA	0	0
14	4	19	400	1	1	1	NA	NA	0	0
14	4	20	200	2	1	1	NA	NA	0	0
14	4	21	200	3	1	1	NA	1.0649447	0	1
14	4	22	400	2	1	1	NA	NA	0	0
14	4	23	0	2	1	1	NA	NA	0	0
14	4	24	200	2	1	1	NA	NA	0	0
14	8	1	0	2	2	1	NA	NA	0	0
14	8	2	600	2	2	1	NA	NA	0	0
14	8	3	400	2	2	1	NA	NA	0	0
14	8	4	600	1	2	1	NA	NA	0	0
14	8	5	400	1	2	1	NA	NA	0	0
14	8	6	0	3	2	1	NA	1.1482611	0	1
14	8	7	0	1	2	1	NA	NA	0	0
14	8	8	400	3	2	1	NA	NA	0	0
14	8	9	600	3	2	1	NA	NA	0	0
14	8	10	400	1	2	1	0.8652565	NA	1	0
14	8	11	0	1	2	1	NA	NA	0	0
14	8	12	200	1	2	1	NA	NA	0	0
14	8	13	200	1	2	1	NA	NA	0	0
14	8	14	200	2	2	1	NA	NA	0	0
14	8	15	400	2	2	1	NA	NA	0	0
14	8	16	200	3	2	1	NA	NA	0	0
14	8	17	600	2	2	1	NA	NA	0	0
14	8	18	0	2	2	1	NA	NA	0	0
14	8	19	600	3	2	1	NA	NA	0	0
14	8	20	0	3	2	1	NA	NA	0	0
14	8	21	400	3	2	1	NA	NA	0	0
14	8	22	600	1	2	1	NA	NA	0	0
14	8	23	200	2	2	1	NA	NA	0	0
14	8	24	200	3	2	1	NA	NA	0	0
15	2	1	0	2	2	1	NA	NA	0	0
15	2	2	200	2	2	1	NA	0.7821509	0	1
15	2	3	200	2	2	1	NA	0.6489376	0	1
15	2	4	400	1	2	1	0.8819107	NA	1	0
15	2	5	400	3	2	1	NA	0.6988848	0	1
15	2	6	600	2	2	1	NA	0.7820745	0	1
15	2	7	400	3	2	1	NA	NA	0	0
15	2	8	200	1	2	1	1.0815738	NA	1	0
15	2	9	0	3	2	1	NA	0.7653995	0	1
15	2	10	600	2	2	1	NA	0.8985331	0	1
15	2	11	600	3	2	1	NA	0.648926	0	1
15	2	12	0	1	2	1	NA	0.9319157	0	1
15	2	13	200	1	2	1	NA	NA	0	0
15	2	14	0	1	2	1	NA	NA	0	0
15	2	15	200	3	2	1	0.6323205	NA	1	0
15	2	16	0	2	2	1	NA	0.9318227	0	1
15	2	17	600	1	2	1	0.7986868	NA	1	0
15	2	18	200	3	2	1	NA	0.8319127	0	1
15	2	19	400	2	2	1	NA	NA	0	0
15	2	20	400	2	2	1	NA	NA	0	0
15	2	21	600	3	2	1	0.6655817	NA	1	0
15	2	22	400	1	2	1	NA	NA	0	0
15	2	23	600	1	2	1	0.4326485	NA	1	0
15	2	24	0	3	2	1	1.1647637	NA	1	0
15	6	1	600	3	1	1	NA	0.4492697	0	1
15	6	2	600	1	1	1	NA	NA	0	0
15	6	3	400	1	1	1	NA	NA	0	0
15	6	4	200	2	1	1	0	NA	1	0
15	6	5	0	3	1	1	0.6156448	NA	1	0
15	6	6	0	2	1	1	NA	NA	0	0
15	6	7	400	2	1	1	0.7820685	NA	1	0
15	6	8	200	3	1	1	NA	0.7155225	0	1
15	6	9	0	3	1	1	NA	NA	0	0
15	6	10	400	2	1	1	NA	NA	0	0
15	6	11	200	2	1	1	NA	NA	0	0
15	6	12	600	1	1	1	NA	NA	0	0
15	6	13	200	1	1	1	NA	NA	0	0
15	6	14	0	2	1	1	1.4144759	NA	1	0
15	6	15	400	3	1	1	NA	NA	0	0
15	6	16	0	1	1	1	1.3311532	NA	1	0
15	6	17	600	3	1	1	NA	NA	0	0
15	6	18	200	3	1	1	0.6655769	NA	1	0
15	6	19	0	1	1	1	NA	NA	0	0
15	6	20	400	1	1	1	NA	0.7321409	0	1
15	6	21	200	1	1	1	NA	NA	0	0
15	6	22	600	2	1	1	0.6655662	NA	1	0
15	6	23	600	2	1	1	NA	NA	0	0
15	6	24	400	3	1	1	0.2995138	NA	1	0
16	4	1	400	3	2	1	NA	NA	0	0
16	4	2	200	1	2	1	NA	NA	0	0
16	4	3	600	1	2	1	NA	NA	0	0
16	4	4	0	1	2	1	NA	NA	0	0
16	4	5	0	3	2	1	NA	NA	0	0
16	4	6	400	2	2	1	NA	NA	0	0
16	4	7	400	1	2	1	NA	NA	0	0
16	4	8	200	3	2	1	NA	NA	0	0
16	4	9	600	2	2	1	NA	NA	0	0
16	4	10	400	3	2	1	NA	NA	0	0
16	4	11	200	1	2	1	NA	NA	0	0
16	4	12	400	1	2	1	NA	NA	0	0
16	4	13	200	3	2	1	NA	NA	0	0
16	4	14	0	1	2	1	NA	NA	0	0
16	4	15	400	2	2	1	NA	NA	0	0
16	4	16	0	3	2	1	NA	NA	0	0
16	4	17	200	2	2	1	NA	NA	0	0
16	4	18	0	2	2	1	NA	NA	0	0
16	4	19	0	2	2	1	NA	NA	0	0
16	4	20	600	3	2	1	NA	NA	0	0
16	4	21	600	1	2	1	NA	NA	0	0
16	4	22	600	2	2	1	NA	NA	0	0
16	4	23	600	3	2	1	NA	NA	0	0
16	4	24	200	2	2	1	NA	NA	0	0
16	8	1	200	3	1	1	NA	NA	0	0
16	8	2	0	2	1	1	NA	NA	0	0
16	8	3	600	3	1	1	NA	NA	0	0
16	8	4	200	2	1	1	NA	NA	0	0
16	8	5	0	3	1	1	NA	NA	0	0
16	8	6	400	2	1	1	NA	NA	0	0
16	8	7	200	3	1	1	NA	NA	0	0
16	8	8	400	2	1	1	NA	NA	0	0
16	8	9	400	1	1	1	NA	NA	0	0
16	8	10	400	1	1	1	NA	NA	0	0
16	8	11	400	3	1	1	NA	NA	0	0
16	8	12	200	1	1	1	NA	NA	0	0
16	8	13	600	1	1	1	NA	NA	0	0
16	8	14	200	2	1	1	NA	NA	0	0
16	8	15	600	2	1	1	NA	NA	0	0
16	8	16	400	3	1	1	NA	NA	0	0
16	8	17	0	1	1	1	NA	NA	0	0
16	8	18	200	1	1	1	NA	NA	0	0
16	8	19	600	1	1	1	NA	NA	0	0
16	8	20	0	1	1	1	NA	NA	0	0
16	8	21	600	3	1	1	NA	NA	0	0
16	8	22	0	3	1	1	NA	NA	0	0
16	8	23	0	2	1	1	NA	NA	0	0
16	8	24	600	2	1	1	NA	NA	0	0
17	2	1	600	3	1	1	NA	NA	0	0
17	2	2	200	2	1	1	NA	NA	0	0
17	2	3	400	3	1	1	NA	NA	0	0
17	2	4	0	2	1	1	NA	NA	0	0
17	2	5	0	1	1	1	NA	NA	0	0
17	2	6	600	2	1	1	NA	NA	0	0
17	2	7	200	1	1	1	NA	NA	0	0
17	2	8	0	1	1	1	NA	NA	0	0
17	2	9	200	2	1	1	NA	NA	0	0
17	2	10	0	3	1	1	NA	NA	0	0
17	2	11	400	2	1	1	NA	NA	0	0
17	2	12	200	3	1	1	NA	NA	0	0
17	2	13	200	3	1	1	NA	NA	0	0
17	2	14	400	1	1	1	NA	NA	0	0
17	2	15	600	1	1	1	NA	NA	0	0
17	2	16	600	2	1	1	NA	NA	0	0
17	2	17	200	1	1	1	NA	NA	0	0
17	2	18	600	3	1	1	NA	NA	0	0
17	2	19	0	3	1	1	NA	NA	0	0
17	2	20	0	2	1	1	NA	NA	0	0
17	2	21	400	1	1	1	NA	NA	0	0
17	2	22	400	3	1	1	NA	NA	0	0
17	2	23	400	2	1	1	NA	NA	0	0
17	2	24	600	1	1	1	NA	NA	0	0
17	6	1	600	3	2	1	NA	NA	0	0
17	6	2	600	2	2	1	NA	NA	0	0
17	6	3	0	1	2	1	NA	NA	0	0
17	6	4	400	2	2	1	NA	NA	0	0
17	6	5	0	3	2	1	NA	NA	0	0
17	6	6	0	2	2	1	NA	NA	0	0
17	6	7	600	2	2	1	NA	NA	0	0
17	6	8	200	2	2	1	NA	NA	0	0
17	6	9	0	2	2	1	NA	NA	0	0
17	6	10	600	3	2	1	NA	NA	0	0
17	6	11	400	1	2	1	NA	NA	0	0
17	6	12	200	2	2	1	NA	NA	0	0
17	6	13	400	3	2	1	NA	NA	0	0
17	6	14	200	1	2	1	NA	NA	0	0
17	6	15	600	1	2	1	NA	NA	0	0
17	6	16	400	3	2	1	NA	NA	0	0
17	6	17	0	1	2	1	NA	NA	0	0
17	6	18	0	3	2	1	NA	NA	0	0
17	6	19	400	2	2	1	NA	NA	0	0
17	6	20	600	1	2	1	NA	NA	0	0
17	6	21	400	1	2	1	NA	NA	0	0
17	6	22	200	1	2	1	NA	NA	0	0
17	6	23	200	3	2	1	NA	NA	0	0
17	6	24	200	3	2	1	NA	NA	0	0
18	4	1	200	1	1	1	0.9484779	NA	1	0
18	4	2	0	3	1	1	1.1647813	1.6140677	1	1
18	4	3	0	1	1	1	1.1148948	NA	1	0
18	4	4	600	3	1	1	0.4492844	NA	1	0
18	4	5	400	2	1	1	0.8153446	1.9468743	1	1
18	4	6	0	2	1	1	1.0649656	2.7955093	1	1
18	4	7	200	2	1	1	0.832003	2.0467344	1	1
18	4	8	0	2	1	1	0.8652725	NA	1	0
18	4	9	200	3	1	1	NA	0.7487957	0	1
18	4	10	400	3	1	1	NA	2.7622419	0	1
18	4	11	600	1	1	1	0.7654793	NA	1	0
18	4	12	600	1	1	1	0.8819346	NA	1	0
18	4	13	400	3	1	1	0.7654432	NA	1	0
18	4	14	400	1	1	1	NA	NA	0	0
18	4	15	200	2	1	1	1.1980956	NA	1	0
18	4	16	0	3	1	1	NA	0.8985538	0	1
18	4	17	600	2	1	1	0.4825382	NA	1	0
18	4	18	0	1	1	1	1.2478854	NA	1	0
18	4	19	600	2	1	1	0.9151972	NA	1	0
18	4	20	400	1	1	1	2.0134385	NA	1	0
18	4	21	200	3	1	1	0.7655881	2.6790533	1	1
18	4	22	200	1	1	1	NA	NA	0	0
18	4	23	600	3	1	1	1.0316707	1.7805435	1	1
18	4	24	400	2	1	1	0.7321623	2.1299632	1	1
18	8	1	400	2	2	1	NA	0.9484635	0	1
18	8	2	600	3	2	1	1.913606	0.5990439	1	1
18	8	3	0	1	2	1	0.8652646	NA	1	0
18	8	4	0	2	2	1	0.9817487	NA	1	0
18	8	5	600	2	2	1	1.0649717	NA	1	0
18	8	6	600	1	2	1	0.5324745	2.3628737	1	1
18	8	7	200	1	2	1	0.7820702	1.214724	1	1
18	8	8	200	3	2	1	0.6655926	NA	1	0
18	8	9	200	2	2	1	1.1481259	0.7654167	1	1
18	8	10	0	2	2	1	NA	NA	0	0
18	8	11	400	2	2	1	0.6655904	NA	1	0
18	8	12	200	3	2	1	NA	NA	0	0
18	8	13	200	2	2	1	1.7805822	0.715528	1	1
18	8	14	400	3	2	1	0.6156755	NA	1	0
18	8	15	600	1	2	1	0.5658558	NA	1	0
18	8	16	400	1	2	1	0.5491143	NA	1	0
18	8	17	400	1	2	1	0.649041	NA	1	0
18	8	18	0	1	2	1	0.1164831	NA	1	0
18	8	19	0	3	2	1	0.9483993	NA	1	0
18	8	20	200	1	2	1	0.7155343	NA	1	0
18	8	21	400	3	2	1	1.5974088	0.5657479	1	1
18	8	22	0	3	2	1	1.8470226	0.7321658	1	1
18	8	23	600	2	2	1	2.2296252	0.7819812	1	1
18	8	24	600	3	2	1	0.4825713	NA	1	0
19	2	1	0	1	2	1	NA	NA	0	0
19	2	2	0	2	2	1	NA	NA	0	0
19	2	3	200	1	2	1	NA	NA	0	0
19	2	4	600	1	2	1	NA	NA	0	0
19	2	5	400	2	2	1	NA	NA	0	0
19	2	6	400	3	2	1	0.8486288	NA	1	0
19	2	7	600	1	2	1	NA	NA	0	0
19	2	8	200	2	2	1	NA	NA	0	0
19	2	9	200	2	2	1	NA	NA	0	0
19	2	10	0	3	2	1	1.2647884	NA	1	0
19	2	11	600	2	2	1	NA	NA	0	0
19	2	12	0	1	2	1	NA	NA	0	0
19	2	13	0	2	2	1	1.5807632	NA	1	0
19	2	14	600	3	2	1	NA	0.7321501	0	1
19	2	15	600	3	2	1	NA	0.6158005	0	1
19	2	16	600	2	2	1	NA	NA	0	0
19	2	17	400	3	2	1	NA	0.8153609	0	1
19	2	18	400	2	2	1	NA	NA	0	0
19	2	19	200	3	2	1	0	NA	1	0
19	2	20	200	3	2	1	NA	0.682227	0	1
19	2	21	400	1	2	1	NA	NA	0	0
19	2	22	400	1	2	1	0.6988837	NA	1	0
19	2	23	200	1	2	1	NA	NA	0	0
19	2	24	0	3	2	1	NA	1.0649313	0	1
19	6	1	0	3	1	1	NA	1.1315096	0	1
19	6	2	0	1	1	1	0.9318254	NA	1	0
19	6	3	0	2	1	1	1.8470201	NA	1	0
19	6	4	200	2	1	1	NA	NA	0	0
19	6	5	0	2	1	1	0.8486247	NA	1	0
19	6	6	200	3	1	1	0.6322935	NA	1	0
19	6	7	400	1	1	1	NA	NA	0	0
19	6	8	0	1	1	1	1.5142264	NA	1	0
19	6	9	200	1	1	1	1.0647616	NA	1	0
19	6	10	600	3	1	1	0.8153511	NA	1	0
19	6	11	600	3	1	1	NA	2.2463566	0	1
19	6	12	600	1	1	1	0.4659161	NA	1	0
19	6	13	400	3	1	1	NA	NA	0	0
19	6	14	400	2	1	1	NA	1.015047	0	1
19	6	15	400	2	1	1	1.8969283	NA	1	0
19	6	16	600	2	1	1	1.0316469	NA	1	0
19	6	17	600	2	1	1	NA	0.4825375	0	1
19	6	18	400	3	1	1	NA	NA	0	0
19	6	19	600	1	1	1	NA	NA	0	0
19	6	20	200	1	1	1	1.0650559	NA	1	0
19	6	21	400	1	1	1	NA	NA	0	0
19	6	22	200	2	1	1	NA	NA	0	0
19	6	23	0	3	1	1	NA	1.015119	0	1
20	4	1	400	2	2	1	NA	0.4658915	0	1
20	4	2	400	3	2	1	NA	0.5491021	0	1
20	4	3	0	2	2	1	NA	0.5159869	0	1
20	4	4	0	2	2	1	NA	0.5990364	0	1
20	4	5	600	3	2	1	0.2995081	NA	1	0
20	4	6	600	1	2	1	0.4825579	NA	1	0
20	4	7	600	1	2	1	0.4991818	NA	1	0
20	4	8	200	2	2	1	NA	0.7652368	0	1
20	4	9	600	2	2	1	NA	0.4492738	0	1
20	4	10	200	3	2	1	0.6822075	NA	1	0
20	4	11	400	1	2	1	0.4659168	NA	1	0
20	4	12	0	3	2	1	0.6655738	NA	1	0
20	4	13	400	1	2	1	NA	0.7321624	0	1
20	4	14	0	3	2	1	NA	0.6822336	0	1
20	4	15	200	1	2	1	NA	0.6655068	0	1
20	4	16	200	1	2	1	0.6988656	NA	1	0
20	4	17	0	1	2	1	0.7820534	NA	1	0
20	4	18	400	3	2	1	0.4825428	NA	1	0
20	4	19	600	3	2	1	NA	0.3660729	0	1
20	4	20	200	2	2	1	NA	0.4826236	0	1
20	4	21	200	3	2	1	NA	0.5657672	0	1
20	4	22	400	2	2	1	NA	0.0665978	0	1
20	4	23	0	1	2	1	0.7321461	NA	1	0
20	4	24	600	2	2	1	NA	0.4326153	0	1
20	8	1	400	1	1	1	NA	0.5990314	0	1
20	8	2	200	3	1	1	0.4994134	NA	1	0
20	8	3	0	2	1	1	0.6323274	NA	1	0
20	8	4	0	1	1	1	NA	0.5657594	0	1
20	8	5	200	2	1	1	0.5989722	NA	1	0
20	8	6	400	3	1	1	0.3993552	NA	1	0
20	8	7	400	2	1	1	0.5988816	NA	1	0
20	8	8	0	3	1	1	0.4825547	NA	1	0
20	8	9	0	1	1	1	0.7154788	NA	1	0
20	8	10	600	3	1	1	0	NA	1	0
20	8	11	200	2	1	1	0.5158166	NA	1	0
20	8	12	600	1	1	1	NA	0.4327714	0	1
20	8	13	0	3	1	1	NA	0.7654236	0	1
20	8	14	0	2	1	1	0.5158298	NA	1	0
20	8	15	600	1	1	1	NA	0.7820541	0	1
20	8	16	600	2	1	1	0.4659112	NA	1	0
20	8	17	200	1	1	1	NA	0.9484439	0	1
20	8	18	400	3	1	1	NA	0.4492472	0	1
20	8	19	600	3	1	1	NA	0.4326629	0	1
20	8	20	400	1	1	1	NA	0.4658856	0	1
20	8	21	200	1	1	1	NA	0.6488459	0	1
20	8	22	600	2	1	1	0.2329704	NA	1	0
20	8	23	400	2	1	1	0.6323077	NA	1	0
20	8	24	200	3	1	1	NA	0.6655824	0	1
21	2	1	0	3	1	1	1.1481465	NA	1	0
21	2	2	200	1	1	1	NA	NA	0	0
21	2	3	600	3	1	1	0.8985417	NA	1	0
21	2	4	600	1	1	1	NA	NA	0	0
21	2	5	0	3	1	1	0.8986414	NA	1	0
21	2	6	600	2	1	1	NA	NA	0	0
21	2	7	400	3	1	1	0.6489398	NA	1	0
21	2	8	600	3	1	1	NA	0.2996448	0	1
21	2	9	200	3	1	1	NA	0.7820688	0	1
21	2	10	400	2	1	1	NA	NA	0	0
21	2	11	0	2	1	1	NA	NA	0	0
21	2	12	200	3	1	1	NA	0.8319882	0	1
21	2	13	600	2	1	1	NA	NA	0	0
21	2	14	200	2	1	1	NA	NA	0	0
21	2	15	400	1	1	1	NA	NA	0	0
21	2	16	400	1	1	1	NA	NA	0	0
21	2	17	400	2	1	1	NA	NA	0	0
21	2	18	400	3	1	1	NA	0.4160292	0	1
21	2	19	200	2	1	1	NA	NA	0	0
21	2	20	0	1	1	1	NA	NA	0	0
21	2	21	600	1	1	1	NA	NA	0	0
21	2	22	0	2	1	1	NA	NA	0	0
21	2	23	200	1	1	1	NA	NA	0	0
21	2	24	0	1	1	1	NA	NA	0	0
21	6	1	200	1	2	1	NA	NA	0	0
21	6	2	0	3	2	1	NA	0.599034	0	1
21	6	3	400	2	2	1	NA	NA	0	0
21	6	4	600	3	2	1	NA	0.0499095	0	1
21	6	5	400	1	2	1	NA	NA	0	0
21	6	6	400	2	2	1	NA	NA	0	0
21	6	7	200	2	2	1	NA	NA	0	0
21	6	8	0	3	2	1	0.9817272	NA	1	0
21	6	9	200	3	2	1	0.7321167	NA	1	0
21	6	10	0	1	2	1	NA	NA	0	0
21	6	11	200	3	2	1	NA	0.4659082	0	1
21	6	12	0	1	2	1	NA	NA	0	0
21	6	13	400	3	2	1	0.5823659	NA	1	0
21	6	14	600	2	2	1	NA	NA	0	0
21	6	15	200	2	2	1	NA	NA	0	0
21	6	16	600	1	2	1	NA	NA	0	0
21	6	17	400	1	2	1	NA	NA	0	0
21	6	18	400	3	2	1	NA	NA	0	0
21	6	19	600	1	2	1	NA	NA	0	0
21	6	20	600	2	2	1	NA	NA	0	0
21	6	21	600	3	2	1	NA	NA	0	0
21	6	22	0	2	2	1	NA	NA	0	0
21	6	23	200	1	2	1	NA	NA	0	0
21	6	24	0	2	2	1	NA	NA	0	0
22	4	1	0	2	1	1	NA	NA	0	0
22	4	2	200	1	1	1	NA	NA	0	0
22	4	3	0	3	1	1	0.6322977	NA	1	0
22	4	4	600	1	1	1	NA	NA	0	0
22	4	5	400	3	1	1	0.1664209	NA	1	0
22	4	6	200	3	1	1	NA	0.8820404	0	1
22	4	7	200	2	1	1	NA	NA	0	0
22	4	8	600	3	1	1	0.4325772	NA	1	0
22	4	9	0	2	1	1	NA	NA	0	0
22	4	10	200	1	1	1	NA	NA	0	0
22	4	11	600	1	1	1	NA	NA	0	0
22	4	12	400	1	1	1	NA	NA	0	0
22	4	13	600	2	1	1	NA	NA	0	0
22	4	14	600	3	1	1	0.7155057	NA	1	0
22	4	15	0	1	1	1	NA	NA	0	0
22	4	16	400	1	1	1	NA	NA	0	0
22	4	17	400	2	1	1	NA	NA	0	0
22	4	18	0	3	1	1	0.6156407	NA	1	0
22	4	19	400	3	1	1	0.5157999	NA	1	0
22	4	20	200	3	1	1	NA	0.7154867	0	1
22	4	21	0	1	1	1	NA	NA	0	0
22	4	22	600	2	1	1	NA	NA	0	0
22	4	23	400	2	1	1	NA	NA	0	0
22	4	24	200	2	1	1	NA	NA	0	0
22	8	1	0	2	2	1	NA	NA	0	0
22	8	2	400	1	2	1	NA	NA	0	0
22	8	3	600	2	2	1	NA	NA	0	0
22	8	4	0	1	2	1	NA	NA	0	0
22	8	5	200	2	2	1	NA	NA	0	0
22	8	6	0	2	2	1	NA	NA	0	0
22	8	7	600	1	2	1	NA	NA	0	0
22	8	8	200	3	2	1	0.8985042	NA	1	0
22	8	9	400	1	2	1	NA	NA	0	0
22	8	10	600	2	2	1	NA	NA	0	0
22	8	11	400	3	2	1	0.6490476	NA	1	0
22	8	12	0	3	2	1	NA	0.7654344	0	1
22	8	13	200	3	2	1	0.7487891	NA	1	0
22	8	14	400	2	2	1	NA	NA	0	0
22	8	15	600	3	2	1	NA	0.0665639	0	1
22	8	16	0	3	2	1	0.5656921	NA	1	0
22	8	17	400	2	2	1	NA	NA	0	0
22	8	18	400	3	2	1	NA	0.4492822	0	1
22	8	19	200	1	2	1	NA	NA	0	0
22	8	20	0	1	2	1	NA	NA	0	0
22	8	21	600	3	2	1	0.3660589	NA	1	0
22	8	22	200	1	2	1	NA	NA	0	0
22	8	23	200	2	2	1	NA	NA	0	0
22	8	24	600	1	2	1	NA	NA	0	0
23	2	1	400	1	2	1	NA	NA	0	0
23	2	2	600	1	2	1	NA	NA	0	0
23	2	3	600	3	2	1	NA	0.1996669	0	1
23	2	4	400	2	2	1	NA	NA	0	0
23	2	5	400	3	2	1	NA	NA	0	0
23	2	6	0	1	2	1	NA	NA	0	0
23	2	7	200	3	2	1	0.5990532	NA	1	0
23	2	8	0	2	2	1	NA	NA	0	0
23	2	9	200	1	2	1	0.6656218	NA	1	0
23	2	10	0	3	2	1	NA	NA	0	0
23	2	11	400	3	2	1	NA	NA	0	0
23	2	12	0	1	2	1	NA	NA	0	0
23	2	13	200	3	2	1	NA	0.4492691	0	1
23	2	14	0	2	2	1	NA	NA	0	0
23	2	15	400	2	2	1	NA	NA	0	0
23	2	16	200	2	2	1	NA	NA	0	0
23	2	17	600	1	2	1	NA	NA	0	0
23	2	18	0	3	2	1	NA	NA	0	0
23	2	19	200	2	2	1	NA	NA	0	0
23	2	20	600	3	2	1	1.4476829	NA	1	0
23	2	21	600	2	2	1	NA	NA	0	0
23	2	22	600	2	2	1	NA	NA	0	0
23	2	23	400	1	2	1	NA	NA	0	0
23	2	24	200	1	2	1	NA	NA	0	0
23	6	1	600	3	1	1	NA	NA	0	0
23	6	2	600	1	1	1	NA	NA	0	0
23	6	3	600	2	1	1	NA	NA	0	0
23	6	4	400	1	1	1	NA	NA	0	0
23	6	5	200	1	1	1	NA	NA	0	0
23	6	6	0	2	1	1	NA	NA	0	0
23	6	7	400	2	1	1	NA	NA	0	0
23	6	8	0	3	1	1	0.599034	NA	1	0
23	6	9	400	3	1	1	NA	NA	0	0
23	6	10	200	1	1	1	NA	NA	0	0
23	6	11	200	2	1	1	NA	NA	0	0
23	6	12	600	3	1	1	NA	NA	0	0
23	6	13	0	1	1	1	NA	NA	0	0
23	6	14	400	3	1	1	0.4326482	NA	1	0
23	6	15	600	1	1	1	NA	NA	0	0
23	6	16	200	2	1	1	NA	NA	0	0
23	6	17	0	3	1	1	NA	0.582382	0	1
23	6	18	200	3	1	1	NA	0.632286	0	1
23	6	19	200	3	1	1	0.9151807	NA	1	0
23	6	20	0	1	1	1	NA	NA	0	0
23	6	21	0	2	1	1	NA	NA	0	0
23	6	22	400	2	1	1	NA	NA	0	0
23	6	23	400	1	1	1	NA	NA	0	0
23	6	24	600	2	1	1	NA	NA	0	0
24	4	1	200	2	2	1	NA	0	0	1
24	4	2	600	2	2	1	NA	NA	0	0
24	4	3	600	2	2	1	NA	NA	0	0
24	4	4	400	3	2	1	NA	NA	0	0
24	4	5	600	1	2	1	NA	NA	0	0
24	4	6	0	3	2	1	0.5324661	NA	1	0
24	4	7	400	1	2	1	NA	NA	0	0
24	4	8	0	3	2	1	NA	NA	0	0
24	4	9	400	2	2	1	NA	NA	0	0
24	4	10	200	2	2	1	NA	NA	0	0
24	4	11	600	3	2	1	NA	0.5158525	0	1
24	4	12	600	3	2	1	0.0166478	NA	1	0
24	4	13	200	1	2	1	0.0665306	NA	1	0
24	4	14	600	1	2	1	NA	NA	0	0
24	4	15	0	1	2	1	0	NA	1	0
24	4	16	0	2	2	1	NA	0.2163111	0	1
24	4	17	400	1	2	1	0	NA	1	0
24	4	18	400	3	2	1	0	NA	1	0
24	4	19	400	2	2	1	NA	0	0	1
24	4	20	0	1	2	1	0.016639	NA	1	0
24	4	21	200	3	2	1	NA	0.2662483	0	1
24	4	22	0	2	2	1	NA	NA	0	0
24	4	23	200	3	2	1	0	NA	1	0
24	4	24	200	1	2	1	0	NA	1	0
24	8	1	0	3	1	1	0.7819664	NA	1	0
24	8	2	600	1	1	1	NA	NA	0	0
24	8	3	400	3	1	1	0.2495853	NA	1	0
24	8	4	200	1	1	1	NA	NA	0	0
24	8	5	400	1	1	1	NA	NA	0	0
24	8	6	0	2	1	1	NA	NA	0	0
24	8	7	0	2	1	1	NA	NA	0	0
24	8	8	400	3	1	1	NA	0.3993264	0	1
24	8	9	600	2	1	1	0.2495799	NA	1	0
24	8	10	400	2	1	1	NA	NA	0	0
24	8	11	0	3	1	1	NA	NA	0	0
24	8	12	200	1	1	1	NA	NA	0	0
24	8	13	0	1	1	1	NA	NA	0	0
24	8	14	600	3	1	1	NA	0	0	1
24	8	15	200	3	1	1	NA	0.5990316	0	1
24	8	16	600	2	1	1	NA	NA	0	0
24	8	17	200	2	1	1	NA	NA	0	0
24	8	18	0	1	1	1	NA	NA	0	0
24	8	19	400	2	1	1	NA	NA	0	0
24	8	20	600	3	1	1	0.2828648	NA	1	0
24	8	21	400	1	1	1	NA	NA	0	0
24	8	22	200	2	1	1	NA	NA	0	0
24	8	23	600	1	1	1	NA	NA	0	0
24	8	24	200	3	1	1	0.5990272	NA	1	0
25	2	1	400	3	1	1	0.9318761	NA	1	0
25	2	2	0	2	1	1	0.5657802	NA	1	0
25	2	3	600	1	1	1	NA	NA	0	0
25	2	4	600	2	1	1	NA	NA	0	0
25	2	5	600	2	1	1	NA	NA	0	0
25	2	6	200	1	1	1	NA	NA	0	0
25	2	7	0	2	1	1	NA	NA	0	0
25	2	8	400	2	1	1	NA	NA	0	0
25	2	9	400	3	1	1	0.6156862	NA	1	0
25	2	10	600	3	1	1	0.4992332	NA	1	0
25	2	11	200	2	1	1	NA	NA	0	0
25	2	12	600	3	1	1	NA	0.4659609	0	1
25	2	13	400	1	1	1	NA	NA	0	0
25	2	14	0	3	1	1	NA	1.1482032	0	1
25	2	15	400	2	1	1	NA	1.1648638	0	1
25	2	16	200	2	1	1	NA	NA	0	0
25	2	17	0	1	1	1	NA	NA	0	0
25	2	18	0	3	1	1	0.898605	NA	1	0
25	2	19	200	1	1	1	NA	NA	0	0
25	2	20	400	1	1	1	NA	NA	0	0
25	2	21	600	1	1	1	NA	1.3643415	0	1
25	2	22	200	3	1	1	NA	0.5824198	0	1
25	2	23	200	3	1	1	0.6489798	1.3479022	1	1
25	2	24	0	1	1	1	NA	NA	0	0
25	6	1	400	2	2	1	NA	NA	0	0
25	6	2	200	3	2	1	NA	0.7155378	0	1
25	6	3	200	1	2	1	NA	NA	0	0
25	6	4	0	2	2	1	NA	0.7654495	0	1
25	6	5	0	2	2	1	NA	1.031693	0	1
25	6	6	400	1	2	1	NA	NA	0	0
25	6	7	0	3	2	1	NA	0.6657775	0	1
25	6	8	600	1	2	1	0.6156815	NA	1	0
25	6	9	600	2	2	1	NA	NA	0	0
25	6	10	600	1	2	1	NA	NA	0	0
25	6	11	600	3	2	1	NA	0.5824017	0	1
25	6	12	200	2	2	1	NA	0.6157083	0	1
25	6	13	200	3	2	1	0.632331	1.3145816	1	1
25	6	14	400	1	2	1	0.6656059	NA	1	0
25	6	15	0	1	2	1	0.6988961	NA	1	0
25	6	16	0	3	2	1	0.7489126	NA	1	0
25	6	17	200	1	2	1	1.0316917	NA	1	0
25	6	18	600	2	2	1	NA	NA	0	0
25	6	19	400	3	2	1	0.5824265	1.4310795	1	1
25	6	20	600	3	2	1	0.615704	NA	1	0
25	6	21	200	2	2	1	NA	0.6822439	0	1
25	6	22	400	2	2	1	NA	NA	0	0
25	6	23	0	1	2	1	0.7820754	NA	1	0
25	6	24	400	3	2	1	NA	0.5990419	0	1
26	4	1	400	3	1	1	1.4642907	0.6156643	1	1
26	4	2	600	1	1	1	0.249523	NA	1	0
26	4	3	400	2	1	1	0.3494424	NA	1	0
26	4	4	0	3	1	1	0.4992929	NA	1	0
26	4	5	400	1	1	1	0.4825571	NA	1	0
26	4	6	600	1	1	1	0.4326456	NA	1	0
26	4	7	200	2	1	1	0.4825555	NA	1	0
26	4	8	0	1	1	1	0.8819039	NA	1	0
26	4	9	600	2	1	1	0.4159905	NA	1	0
26	4	10	0	2	1	1	0.7487909	NA	1	0
26	4	11	0	1	1	1	0.7655087	NA	1	0
26	4	12	0	3	1	1	1.198059	0.4659238	1	1
26	4	13	600	3	1	1	0.6156918	NA	1	0
26	4	14	400	3	1	1	0.9650546	NA	1	0
26	4	15	200	2	1	1	0.4825485	NA	1	0
26	4	16	200	3	1	1	0.9984817	NA	1	0
26	4	17	200	1	1	1	0.6156775	NA	1	0
26	4	18	600	3	1	1	1.1148726	NA	1	0
26	4	19	400	2	1	1	0.549123	NA	1	0
26	4	20	400	1	1	1	0.6656061	NA	1	0
26	4	21	200	1	1	1	0.5990283	NA	1	0
26	4	22	600	2	1	1	0.4161295	NA	1	0
26	4	23	0	2	1	1	0.6822088	NA	1	0
26	4	24	200	3	1	1	1.4143767	0.6323098	1	1
26	8	1	200	3	2	1	1.0983118	0.4659223	1	1
26	8	2	200	2	2	1	1.0815898	0.4659314	1	1
26	8	3	400	3	2	1	0.4825478	NA	1	0
26	8	4	400	3	2	1	1.0815791	0.4492783	1	1
26	8	5	400	1	2	1	0.4160114	NA	1	0
26	8	6	600	1	2	1	0.4160015	NA	1	0
26	8	7	200	1	2	1	0.599012	NA	1	0
26	8	8	600	3	2	1	1.4476356	0.4825176	1	1
26	8	9	0	2	2	1	1.2313467	0.7321472	1	1
26	8	10	400	2	2	1	0.5324923	NA	1	0
26	8	11	600	3	2	1	0.415972	NA	1	0
26	8	12	600	2	2	1	0.4825549	NA	1	0
26	8	13	0	3	2	1	0.7820806	NA	1	0
26	8	14	400	1	2	1	0.3327902	NA	1	0
26	8	15	200	2	2	1	1.1314689	NA	1	0
26	8	16	200	1	2	1	0.6323395	NA	1	0
26	8	17	0	1	2	1	0.765409	NA	1	0
26	8	18	400	2	2	1	0.4826041	NA	1	0
26	8	19	0	2	2	1	1.0982156	0.6156676	1	1
26	8	20	200	3	2	1	0.6323289	NA	1	0
26	8	21	600	2	2	1	0.382724	NA	1	0
26	8	22	600	1	2	1	0.4492553	NA	1	0
26	8	23	0	3	2	1	1.0814096	0.515665	1	1
26	8	24	0	1	2	1	0.8985525	NA	1	0
27	2	1	400	2	2	1	NA	NA	0	0
27	2	2	400	3	2	1	NA	0.6323279	0	1
27	2	3	400	1	2	1	1.0149872	1.630679	1	1
27	2	4	600	2	2	1	NA	1.0982515	0	1
27	2	5	0	3	2	1	0.8486726	NA	1	0
27	2	6	600	3	2	1	0.6989761	NA	1	0
27	2	7	600	1	2	1	0.748828	NA	1	0
27	2	8	400	2	2	1	1.8470857	NA	1	0
27	2	9	0	3	2	1	1.0649115	1.6139711	1	1
27	2	10	0	2	2	1	NA	0.8153989	0	1
27	2	11	200	3	2	1	NA	0.7987454	0	1
27	2	12	200	3	2	1	0.7156108	NA	1	0
27	2	13	0	1	2	1	NA	0.9651542	0	1
27	2	14	200	2	2	1	NA	0.7821075	0	1
27	2	15	400	3	2	1	NA	0.7821163	0	1
27	2	16	600	1	2	1	NA	0.7320193	0	1
27	2	17	600	2	2	1	1.5475493	0.715539	1	1
27	2	18	200	1	2	1	NA	NA	0	0
27	2	19	400	1	2	1	NA	NA	0	0
27	2	20	0	1	2	1	1.8803886	0.898574	1	1
27	2	21	200	2	2	1	NA	0.6656107	0	1
27	2	22	0	2	2	1	1.9303176	0.8319894	1	1
27	2	23	200	1	2	1	2.0800189	0.7488191	1	1
27	2	24	600	3	2	1	1.6974331	0.6990056	1	1
27	6	1	600	3	1	1	0.665611	NA	1	0
27	6	2	0	1	1	1	0.8652043	NA	1	0
27	6	3	200	2	1	1	0.8486646	NA	1	0
27	6	4	200	2	1	1	0.798715	NA	1	0
27	6	5	200	1	1	1	NA	0.8320062	0	1
27	6	6	200	1	1	1	0.7322855	NA	1	0
27	6	7	400	3	1	1	NA	NA	0	0
27	6	8	0	2	1	1	0.8486505	NA	1	0
27	6	9	0	2	1	1	0.7155392	NA	1	0
27	6	10	600	1	1	1	NA	0.798737	0	1
27	6	11	600	2	1	1	0.6655987	1.514271	1	1
27	6	12	400	2	1	1	0.8819249	NA	1	0
27	6	13	0	1	1	1	0.8152416	NA	1	0
27	6	14	400	1	1	1	NA	0.6656083	0	1
27	6	15	200	3	1	1	0.7987385	NA	1	0
27	6	16	0	3	1	1	NA	0.8486504	0	1
27	6	17	400	2	1	1	0.9152111	NA	1	0
27	6	18	200	3	1	1	NA	0.7155051	0	1
27	6	19	600	2	1	1	NA	0.8653022	0	1
27	6	20	600	1	1	1	NA	0.7488023	0	1
27	6	21	600	3	1	1	1.7305619	0.6656133	1	1
27	6	22	0	3	1	1	NA	0.8486422	0	1
27	6	23	400	3	1	1	NA	0.6656014	0	1
27	6	24	400	1	1	1	NA	0.8654787	0	1
28	4	1	0	3	2	1	1.6307188	0.9318443	1	1
28	4	2	200	2	2	1	0.9318138	NA	1	0
28	4	3	400	2	2	1	1.3311745	0.6489539	1	1
28	4	4	0	3	2	1	0.9651007	NA	1	0
28	4	5	600	2	2	1	0.8319892	NA	1	0
28	4	6	600	1	2	1	0.7653446	NA	1	0
28	4	7	600	3	2	1	NA	0.9318233	0	1
28	4	8	600	1	2	1	0.8320699	NA	1	0
28	4	9	600	2	2	1	0.7987147	NA	1	0
28	4	10	400	3	2	1	1.5307542	NA	1	0
28	4	11	200	2	2	1	0.8319902	NA	1	0
28	4	12	400	1	2	1	0.6657596	NA	1	0
28	4	13	200	1	2	1	0.9318271	NA	1	0
28	4	14	0	1	2	1	0.9983968	NA	1	0
28	4	15	200	3	2	1	NA	0.9484609	0	1
28	4	16	400	1	2	1	0.881931	NA	1	0
28	4	17	400	3	2	1	0.8652596	NA	1	0
28	4	18	200	1	2	1	1.098231	NA	1	0
28	4	19	0	2	2	1	NA	NA	0	0
28	4	20	0	2	2	1	1.0316647	NA	1	0
28	4	21	600	3	2	1	NA	NA	0	0
28	4	22	200	3	2	1	NA	0.9318218	0	1
28	4	23	400	2	2	1	1.1481677	NA	1	0
28	4	24	0	1	2	1	1.0982346	NA	1	0
28	8	1	200	3	1	1	0.815349	NA	1	0
28	8	2	600	2	1	1	0.7487877	NA	1	0
28	8	3	400	2	1	1	0.7155136	NA	1	0
28	8	4	400	1	1	1	0.9982796	NA	1	0
28	8	5	600	1	1	1	NA	NA	0	0
28	8	6	200	1	1	1	1.0648848	NA	1	0
28	8	7	0	2	1	1	1.1315369	NA	1	0
28	8	8	600	1	1	1	0.7986917	NA	1	0
28	8	9	0	3	1	1	1.0483157	NA	1	0
28	8	10	200	2	1	1	0.8819085	NA	1	0
28	8	11	400	3	1	1	2.7288968	0.8153339	1	1
28	8	12	600	2	1	1	0.6489546	NA	1	0
28	8	13	600	3	1	1	1.780385	0.7653702	1	1
28	8	14	200	1	1	1	NA	0.998375	0	1
28	8	15	400	2	1	1	0.8320555	NA	1	0
28	8	16	400	3	1	1	0.8153429	NA	1	0
28	8	17	0	1	1	1	0.9984624	NA	1	0
28	8	18	200	2	1	1	0.9484595	NA	1	0
28	8	19	0	3	1	1	NA	0.9152571	0	1
28	8	20	600	3	1	1	0.8652684	NA	1	0
28	8	21	400	1	1	1	0.9318263	NA	1	0
28	8	22	0	1	1	1	1.0815823	NA	1	0
28	8	23	200	3	1	1	NA	0.8153812	0	1
28	8	24	0	2	1	1	1.1648081	NA	1	0
29	2	1	400	2	1	1	NA	NA	0	0
29	2	2	400	1	1	1	NA	NA	0	0
29	2	3	200	1	1	1	NA	NA	0	0
29	2	4	200	2	1	1	NA	NA	0	0
29	2	5	400	1	1	1	NA	NA	0	0
29	2	6	400	3	1	1	NA	NA	0	0
29	2	7	0	3	1	1	NA	NA	0	0
29	2	8	0	3	1	1	NA	NA	0	0
29	2	9	600	1	1	1	NA	NA	0	0
29	2	10	400	3	1	1	NA	NA	0	0
29	2	11	200	3	1	1	NA	NA	0	0
29	2	12	200	1	1	1	NA	NA	0	0
29	2	13	600	1	1	1	NA	3.0450893	0	1
29	2	14	0	1	1	1	NA	2.6623581	0	1
29	2	15	0	2	1	1	NA	NA	0	0
29	2	16	200	3	1	1	NA	NA	0	0
29	2	17	600	2	1	1	NA	2.1964409	0	1
29	2	18	0	2	1	1	NA	NA	0	0
29	2	19	400	2	1	1	NA	NA	0	0
29	2	20	200	2	1	1	NA	NA	0	0
29	2	21	0	1	1	1	NA	NA	0	0
29	2	22	600	3	1	1	NA	NA	0	0
29	2	23	600	2	1	1	NA	NA	0	0
29	2	24	600	3	1	1	NA	NA	0	0
29	6	1	0	1	2	1	NA	NA	0	0
29	6	2	400	3	2	1	NA	NA	0	0
29	6	3	400	3	2	1	NA	NA	0	0
29	6	4	200	2	2	1	NA	NA	0	0
29	6	5	200	1	2	1	NA	NA	0	0
29	6	6	400	2	2	1	NA	NA	0	0
29	6	7	200	3	2	1	NA	NA	0	0
29	6	8	0	1	2	1	NA	NA	0	0
29	6	9	200	2	2	1	NA	NA	0	0
29	6	10	0	3	2	1	NA	NA	0	0
29	6	11	400	1	2	1	NA	NA	0	0
29	6	12	200	3	2	1	NA	NA	0	0
29	6	13	0	2	2	1	NA	NA	0	0
29	6	14	200	1	2	1	NA	NA	0	0
29	6	15	600	1	2	1	NA	NA	0	0
29	6	16	600	3	2	1	NA	NA	0	0
29	6	17	600	2	2	1	NA	NA	0	0
29	6	18	600	2	2	1	NA	NA	0	0
29	6	19	600	1	2	1	NA	NA	0	0
29	6	20	0	3	2	1	NA	NA	0	0
29	6	21	400	2	2	1	NA	NA	0	0
29	6	22	600	3	2	1	NA	NA	0	0
29	6	23	0	2	2	1	NA	NA	0	0
29	6	24	400	1	2	1	NA	NA	0	0
30	4	1	200	1	1	1	NA	NA	0	0
30	4	2	200	3	1	1	NA	NA	0	0
30	4	3	200	2	1	1	NA	NA	0	0
30	4	4	600	3	1	1	NA	NA	0	0
30	4	5	400	3	1	1	NA	NA	0	0
30	4	6	0	2	1	1	NA	NA	0	0
30	4	7	600	2	1	1	NA	NA	0	0
30	4	8	200	2	1	1	NA	NA	0	0
30	4	9	0	1	1	1	NA	NA	0	0
30	4	10	0	2	1	1	NA	NA	0	0
30	4	11	200	3	1	1	NA	NA	0	0
30	4	12	600	2	1	1	NA	NA	0	0
30	4	13	600	3	1	1	NA	NA	0	0
30	4	14	600	1	1	1	NA	NA	0	0
30	4	15	600	1	1	1	NA	NA	0	0
30	4	16	400	2	1	1	NA	NA	0	0
30	4	17	400	2	1	1	NA	NA	0	0
30	4	18	400	1	1	1	NA	NA	0	0
30	4	19	0	3	1	1	NA	NA	0	0
30	4	20	0	1	1	1	NA	NA	0	0
30	4	21	0	3	1	1	NA	NA	0	0
30	4	22	200	1	1	1	NA	NA	0	0
30	4	23	400	3	1	1	NA	NA	0	0
30	4	24	400	1	1	1	1.4643141	2.4128104	1	1
30	8	1	600	1	2	1	NA	NA	0	0
30	8	2	600	2	2	1	NA	NA	0	0
30	8	3	400	3	2	1	NA	NA	0	0
30	8	4	400	3	2	1	NA	NA	0	0
30	8	5	400	2	2	1	NA	NA	0	0
30	8	6	200	2	2	1	NA	NA	0	0
30	8	7	200	3	2	1	NA	NA	0	0
30	8	8	0	3	2	1	NA	NA	0	0
30	8	9	600	3	2	1	NA	NA	0	0
30	8	10	600	1	2	1	NA	NA	0	0
30	8	11	0	1	2	1	NA	NA	0	0
30	8	12	0	1	2	1	NA	NA	0	0
30	8	13	400	1	2	1	NA	NA	0	0
30	8	14	0	2	2	1	NA	NA	0	0
30	8	15	400	2	2	1	NA	NA	0	0
30	8	16	200	1	2	1	NA	NA	0	0
30	8	17	600	3	2	1	NA	NA	0	0
30	8	18	200	3	2	1	NA	NA	0	0
30	8	19	400	1	2	1	NA	NA	0	0
30	8	20	200	1	2	1	NA	NA	0	0
30	8	21	200	2	2	1	NA	NA	0	0
30	8	22	600	2	2	1	NA	NA	0	0
30	8	23	0	3	2	1	NA	NA	0	0
30	8	24	0	2	2	1	NA	NA	0	0
31	2	1	400	1	2	1	NA	NA	0	0
31	2	2	400	3	2	1	NA	0.2829877	0	1
31	2	3	400	2	2	1	NA	NA	0	0
31	2	4	600	3	2	1	0.4493102	NA	1	0
31	2	5	0	1	2	1	NA	NA	0	0
31	2	6	0	2	2	1	NA	NA	0	0
31	2	7	600	2	2	1	NA	0.1497368	0	1
31	2	8	200	3	2	1	0.3161533	1.0649362	1	1
31	2	9	0	1	2	1	NA	NA	0	0
31	2	10	600	3	2	1	NA	0.1164709	0	1
31	2	11	400	2	2	1	NA	1.6641489	0	1
31	2	12	400	1	2	1	NA	NA	0	0
31	2	13	0	3	2	1	0.515814	0.9650818	1	1
31	2	14	600	2	2	1	NA	NA	0	0
31	2	15	200	1	2	1	NA	NA	0	0
31	2	16	0	2	2	1	NA	NA	0	0
31	2	17	600	1	2	1	NA	NA	0	0
31	2	18	200	2	2	1	NA	NA	0	0
31	2	19	200	2	2	1	NA	NA	0	0
31	2	20	0	3	2	1	0.5657556	NA	1	0
31	2	21	200	1	2	1	NA	NA	0	0
31	2	22	600	1	2	1	NA	NA	0	0
31	2	23	400	3	2	1	0.1497535	NA	1	0
31	2	24	200	3	2	1	0.7820583	NA	1	0
31	6	1	200	2	1	1	NA	NA	0	0
31	6	2	0	1	1	1	NA	NA	0	0
31	6	3	200	2	1	1	NA	NA	0	0
31	6	4	0	2	1	1	NA	NA	0	0
31	6	5	400	1	1	1	NA	0.7653403	0	1
31	6	6	600	2	1	1	NA	NA	0	0
31	6	7	600	1	1	1	NA	NA	0	0
31	6	8	0	1	1	1	NA	NA	0	0
31	6	9	400	3	1	1	0.1663999	NA	1	0
31	6	10	400	3	1	1	0.2163191	NA	1	0
31	6	11	600	3	1	1	NA	0.4825666	0	1
31	6	12	400	2	1	1	0.3993432	NA	1	0
31	6	13	400	1	1	1	NA	NA	0	0
31	6	14	600	2	1	1	NA	NA	0	0
31	6	15	0	3	1	1	0.7487812	NA	1	0
31	6	16	200	1	1	1	NA	NA	0	0
31	6	17	0	3	1	1	NA	0.6489368	0	1
31	6	18	400	2	1	1	NA	NA	0	0
31	6	19	0	2	1	1	0.5657421	NA	1	0
31	6	20	200	3	1	1	0.5324747	NA	1	0
31	6	21	600	3	1	1	0.4825306	NA	1	0
31	6	22	200	3	1	1	NA	0.5990065	0	1
31	6	23	200	1	1	1	NA	NA	0	0
31	6	24	600	1	1	1	NA	NA	0	0
32	4	1	600	1	2	1	0.4825539	NA	1	0
32	4	2	0	1	2	1	0.6323284	NA	1	0
32	4	3	200	1	2	1	0.6655842	NA	1	0
32	4	4	200	3	2	1	NA	0.5324731	0	1
32	4	5	400	3	2	1	0.8153598	0.382719	1	1
32	4	6	400	1	2	1	0.5492388	NA	1	0
32	4	7	600	1	2	1	NA	NA	0	0
32	4	8	200	2	2	1	NA	NA	0	0
32	4	9	200	3	2	1	0.3160212	NA	1	0
32	4	10	600	2	2	1	NA	NA	0	0
32	4	11	0	3	2	1	0.7987117	0.4825788	1	1
32	4	12	400	3	2	1	0.4825712	0.9318277	1	1
32	4	13	200	1	2	1	NA	NA	0	0
32	4	14	600	2	2	1	0.6989606	2.9452585	1	1
32	4	15	400	1	2	1	0.5491215	NA	1	0
32	4	16	0	2	2	1	NA	0.7987394	0	1
32	4	17	400	2	2	1	0.4991552	NA	1	0
32	4	18	200	2	2	1	0.5990271	NA	1	0
32	4	19	600	3	2	1	0.033279	0.7654231	1	1
32	4	20	0	2	2	1	0.8484937	NA	1	0
32	4	21	400	2	2	1	0.5823859	NA	1	0
32	4	22	0	1	2	1	0.7820871	NA	1	0
32	4	23	600	3	2	1	0.3161574	0.7987025	1	1
32	4	24	0	3	2	1	0.7321591	NA	1	0
32	8	1	600	1	1	1	0.4492714	NA	1	0
32	8	2	200	2	1	1	0.5825059	NA	1	0
32	8	3	200	1	1	1	0.5324746	NA	1	0
32	8	4	400	3	1	1	0.3993643	0.8486285	1	1
32	8	5	200	3	1	1	0.8486212	0.5823217	1	1
32	8	6	0	2	1	1	0.7487803	NA	1	0
32	8	7	0	3	1	1	0.6323166	1.0649468	1	1
32	8	8	0	1	1	1	NA	0.6989415	0	1
32	8	9	0	1	1	1	0.7820697	NA	1	0
32	8	10	0	2	1	1	0.9651043	NA	1	0
32	8	11	0	3	1	1	1.0649298	0.7819833	1	1
32	8	12	200	2	1	1	0.3494298	NA	1	0
32	8	13	200	3	1	1	NA	0.5823978	0	1
32	8	14	400	3	1	1	0.7987071	0.3161591	1	1
32	8	15	400	1	1	1	0.7321317	NA	1	0
32	8	16	600	3	1	1	0.0831882	NA	1	0
32	8	17	600	2	1	1	0.4825618	NA	1	0
32	8	18	600	2	1	1	0.4825452	NA	1	0
32	8	19	200	1	1	1	0.5658444	2.9285973	1	1
32	8	20	400	2	1	1	0.416007	NA	1	0
32	8	21	600	3	1	1	0.7986952	0.4326446	1	1
32	8	22	400	1	1	1	0.5989884	NA	1	0
32	8	23	400	2	1	1	0.4825496	NA	1	0
32	8	24	600	1	1	1	0.4492803	NA	1	0
33	2	1	400	1	1	1	NA	NA	0	0
33	2	2	400	3	1	1	NA	NA	0	0
33	2	3	400	2	1	1	NA	NA	0	0
33	2	4	0	3	1	1	NA	NA	0	0
33	2	5	200	1	1	1	NA	NA	0	0
33	2	6	400	2	1	1	NA	NA	0	0
33	2	7	200	3	1	1	NA	NA	0	0
33	2	8	200	2	1	1	NA	NA	0	0
33	2	9	0	1	1	1	NA	NA	0	0
33	2	10	600	2	1	1	NA	NA	0	0
33	2	11	600	3	1	1	NA	NA	0	0
33	2	12	600	3	1	1	NA	NA	0	0
33	2	13	600	1	1	1	NA	NA	0	0
33	2	14	600	1	1	1	NA	NA	0	0
33	2	15	0	2	1	1	NA	NA	0	0
33	2	16	0	3	1	1	NA	NA	0	0
33	2	17	200	2	1	1	NA	NA	0	0
33	2	18	400	3	1	1	NA	NA	0	0
33	2	19	400	1	1	1	NA	NA	0	0
33	2	20	0	1	1	1	NA	NA	0	0
33	2	21	200	1	1	1	NA	NA	0	0
33	2	22	200	3	1	1	NA	NA	0	0
33	2	23	600	2	1	1	NA	NA	0	0
33	2	24	0	2	1	1	NA	NA	0	0
33	6	1	600	2	2	1	NA	NA	0	0
33	6	2	400	2	2	1	NA	NA	0	0
33	6	3	0	1	2	1	NA	NA	0	0
33	6	4	200	3	2	1	NA	NA	0	0
33	6	5	600	3	2	1	NA	NA	0	0
33	6	6	400	1	2	1	NA	NA	0	0
33	6	7	0	2	2	1	NA	NA	0	0
33	6	8	600	1	2	1	NA	NA	0	0
33	6	9	600	1	2	1	NA	NA	0	0
33	6	10	600	2	2	1	NA	NA	0	0
33	6	11	600	3	2	1	NA	NA	0	0
33	6	12	400	3	2	1	NA	NA	0	0
33	6	13	200	3	2	1	NA	NA	0	0
33	6	14	200	2	2	1	NA	NA	0	0
33	6	15	400	3	2	1	NA	NA	0	0
33	6	16	0	3	2	1	NA	NA	0	0
33	6	17	0	3	2	1	NA	NA	0	0
33	6	18	200	2	2	1	NA	NA	0	0
33	6	19	400	2	2	1	NA	NA	0	0
33	6	20	200	1	2	1	NA	NA	0	0
33	6	21	200	1	2	1	NA	NA	0	0
33	6	22	400	1	2	1	NA	NA	0	0
33	6	23	0	2	2	1	NA	NA	0	0
33	6	24	0	1	2	1	NA	NA	0	0
34	4	1	600	1	1	1	NA	NA	0	0
34	4	2	400	1	1	1	NA	NA	0	0
34	4	3	200	3	1	1	NA	NA	0	0
34	4	4	600	3	1	1	NA	NA	0	0
34	4	5	400	3	1	1	NA	NA	0	0
34	4	6	0	2	1	1	NA	NA	0	0
34	4	7	600	2	1	1	NA	NA	0	0
34	4	8	400	1	1	1	NA	NA	0	0
34	4	9	0	1	1	1	NA	NA	0	0
34	4	10	200	1	1	1	NA	NA	0	0
34	4	11	400	2	1	1	NA	NA	0	0
34	4	12	200	2	1	1	NA	NA	0	0
34	4	13	600	1	1	1	NA	NA	0	0
34	4	14	0	3	1	1	NA	0.5990155	0	1
34	4	15	600	3	1	1	NA	NA	0	0
34	4	16	200	2	1	1	NA	NA	0	0
34	4	17	400	3	1	1	NA	NA	0	0
34	4	18	0	2	1	1	NA	NA	0	0
34	4	19	0	1	1	1	NA	NA	0	0
34	4	20	200	3	1	1	NA	NA	0	0
34	4	21	200	1	1	1	NA	NA	0	0
34	4	22	600	2	1	1	0.2329526	NA	1	0
34	4	23	0	3	1	1	NA	NA	0	0
34	4	24	400	2	1	1	NA	NA	0	0
34	8	1	600	2	2	1	NA	NA	0	0
34	8	2	400	3	2	1	0.4825436	NA	1	0
34	8	3	400	2	2	1	NA	NA	0	0
34	8	4	200	1	2	1	NA	NA	0	0
34	8	5	200	2	2	1	NA	NA	0	0
34	8	6	200	1	2	1	NA	NA	0	0
34	8	7	600	1	2	1	NA	NA	0	0
34	8	8	0	2	2	1	NA	NA	0	0
34	8	9	0	1	2	1	NA	NA	0	0
34	8	10	200	3	2	1	NA	NA	0	0
34	8	11	400	2	2	1	NA	NA	0	0
34	8	12	0	3	2	1	NA	NA	0	0
34	8	13	0	3	2	1	0.7986993	NA	1	0
34	8	14	400	3	2	1	NA	NA	0	0
34	8	15	200	2	2	1	NA	NA	0	0
34	8	16	0	1	2	1	NA	NA	0	0
34	8	17	600	1	2	1	NA	NA	0	0
34	8	18	600	2	2	1	NA	NA	0	0
34	8	19	200	3	2	1	NA	NA	0	0
34	8	20	400	1	2	1	NA	NA	0	0
34	8	21	600	3	2	1	NA	NA	0	0
34	8	22	400	1	2	1	NA	NA	0	0
34	8	23	0	2	2	1	NA	NA	0	0
34	8	24	600	3	2	1	NA	NA	0	0
35	2	1	200	1	2	1	NA	1.1481057	0	1
35	2	2	0	1	2	1	0.815396	NA	1	0
35	2	3	0	3	2	1	1.8138564	0.6489405	1	1
35	2	4	600	1	2	1	0.8319713	NA	1	0
35	2	5	200	3	2	1	0.6323966	NA	1	0
35	2	6	400	2	2	1	NA	NA	0	0
35	2	7	0	3	2	1	0.7986938	NA	1	0
35	2	8	400	1	2	1	NA	1.1148598	0	1
35	2	9	400	3	2	1	0.5990276	NA	1	0
35	2	10	0	2	2	1	1.0316395	NA	1	0
35	2	11	600	3	2	1	1.1481495	0.249587	1	1
35	2	12	600	1	2	1	NA	NA	0	0
35	2	13	200	2	2	1	1.2313413	0.3660628	1	1
35	2	14	400	2	2	1	1.048282	NA	1	0
35	2	15	600	2	2	1	NA	0.1331043	0	1
35	2	16	600	2	2	1	0.9652024	0.1331103	1	1
35	2	17	0	2	2	1	1.1813943	NA	1	0
35	2	18	200	1	2	1	NA	NA	0	0
35	2	19	600	3	2	1	0.4825516	NA	1	0
35	2	20	200	3	2	1	1.4143629	0.582389	1	1
35	2	21	400	1	2	1	0.8818902	NA	1	0
35	2	22	400	3	2	1	1.2479634	0.232974	1	1
35	2	23	200	2	2	1	1.3643024	0.34929	1	1
35	2	24	0	1	2	1	NA	NA	0	0
35	6	1	600	2	1	1	0	NA	1	0
35	6	2	400	3	1	1	NA	0.3327767	0	1
35	6	3	0	2	1	1	NA	NA	0	0
35	6	4	400	1	1	1	0.5823882	NA	1	0
35	6	5	600	3	1	1	0.3993422	NA	1	0
35	6	6	200	3	1	1	0.4157986	NA	1	0
35	6	7	0	1	1	1	NA	NA	0	0
35	6	8	0	1	1	1	1.5974884	NA	1	0
35	6	9	400	2	1	1	0.3826904	NA	1	0
35	6	10	0	3	1	1	0.8153324	0.399371	1	1
35	6	11	600	2	1	1	0	NA	1	0
35	6	12	0	2	1	1	0.5490686	NA	1	0
35	6	13	200	1	1	1	0.964923	0.5823551	1	1
35	6	14	600	1	1	1	0	NA	1	0
35	6	15	200	3	1	1	0.7654292	0.3993671	1	1
35	6	16	400	2	1	1	0.1497486	NA	1	0
35	6	17	600	1	1	1	0.2163054	NA	1	0
35	6	18	0	3	1	1	NA	NA	0	0
35	6	19	400	3	1	1	NA	NA	0	0
35	6	20	400	1	1	1	0.6988586	NA	1	0
35	6	21	200	1	1	1	0.4492763	NA	1	0
35	6	22	200	2	1	1	0.2662465	NA	1	0
35	6	23	600	3	1	1	0.7154933	0.2329449	1	1
35	6	24	200	2	1	1	NA	NA	0	0
36	4	1	0	3	2	1	0.9650047	NA	1	0
36	4	2	400	1	2	1	0.5823886	NA	1	0
36	4	3	400	2	2	1	0.7154778	NA	1	0
36	4	4	400	1	2	1	0.6988386	NA	1	0
36	4	5	200	1	2	1	0.7320973	NA	1	0
36	4	6	200	1	2	1	1.5308089	NA	1	0
36	4	7	600	3	2	1	0.4825328	NA	1	0
36	4	8	600	2	2	1	0.53256	NA	1	0
36	4	9	600	1	2	1	0.5657016	NA	1	0
36	4	10	0	1	2	1	NA	1.1148421	0	1
36	4	11	400	2	2	1	NA	0.5823869	0	1
36	4	12	600	3	2	1	1.0482705	0.5490801	1	1
36	4	13	400	3	2	1	0.5655722	0.9150114	1	1
36	4	14	0	1	2	1	0.7487628	NA	1	0
36	4	15	200	3	2	1	NA	NA	0	0
36	4	16	200	3	2	1	1.2479523	0.6988653	1	1
36	4	17	0	3	2	1	1.3144817	0.7487531	1	1
36	4	18	200	2	2	1	1.131456	0.6489187	1	1
36	4	19	200	2	2	1	1.1148186	0.615641	1	1
36	4	20	600	1	2	1	NA	NA	0	0
36	4	21	0	2	2	1	1.4143521	0.7987077	1	1
36	4	22	600	2	2	1	1.0484477	0.2662516	1	1
36	4	23	400	3	2	1	1.1814181	0.6323062	1	1
36	4	24	0	2	2	1	1.3311364	0.7986899	1	1
36	8	1	0	3	1	1	0.8819885	NA	1	0
36	8	2	200	3	1	1	0.7155045	NA	1	0
36	8	3	400	1	1	1	0.7820329	NA	1	0
36	8	4	0	2	1	1	NA	NA	0	0
36	8	5	200	2	1	1	0.6655822	NA	1	0
36	8	6	600	1	1	1	0.5158144	NA	1	0
36	8	7	200	1	1	1	0.7321354	NA	1	0
36	8	8	200	2	1	1	NA	NA	0	0
36	8	9	400	2	1	1	0.5158375	NA	1	0
36	8	10	400	2	1	1	0.4825374	NA	1	0
36	8	11	600	3	1	1	0.4657727	NA	1	0
36	8	12	600	3	1	1	NA	0.4492679	0	1
36	8	13	0	1	1	1	NA	NA	0	0
36	8	14	400	3	1	1	0.6988581	NA	1	0
36	8	15	600	1	1	1	NA	NA	0	0
36	8	16	200	3	1	1	NA	0.7986426	0	1
36	8	17	400	3	1	1	1.2146429	0.6988445	1	1
36	8	18	0	2	1	1	0.7653972	NA	1	0
36	8	19	0	3	1	1	1.3477984	NA	1	0
36	8	20	200	1	1	1	NA	NA	0	0
36	8	21	400	1	1	1	NA	NA	0	0
36	8	22	600	2	1	1	0.4991751	NA	1	0
36	8	23	600	2	1	1	0.4658875	NA	1	0
36	8	24	0	1	1	1	0.9484223	NA	1	0
37	2	1	400	3	1	1	NA	0.9485119	0	1
37	2	2	0	1	1	1	2.3629191	0.8320326	1	1
37	2	3	600	1	1	1	NA	0.6489506	0	1
37	2	4	200	2	1	1	0.5489734	0.964987	1	1
37	2	5	400	2	1	1	0.3494367	0.5824029	1	1
37	2	6	400	2	1	1	0.7487361	0.282835	1	1
37	2	7	600	3	1	1	0.9318571	0.6156794	1	1
37	2	8	200	2	1	1	1.1314462	0.8152783	1	1
37	2	9	200	1	1	1	0.6323202	0.8319952	1	1
37	2	10	0	1	1	1	0.6821676	0.981601	1	1
37	2	11	600	2	1	1	0.5491302	0.282885	1	1
37	2	12	200	3	1	1	0.9151109	0.6157052	1	1
37	2	13	200	1	1	1	0.4659118	0.7654366	1	1
37	2	14	0	2	1	1	0.5157188	0.8153789	1	1
37	2	15	0	3	1	1	0.8985774	0.5990562	1	1
37	2	16	0	2	1	1	0.5825328	0.7654747	1	1
37	2	17	200	3	1	1	0.5990466	0.8486405	1	1
37	2	18	600	2	1	1	0.5324834	0.2163246	1	1
37	2	19	400	1	1	1	NA	0.4659261	0	1
37	2	20	0	3	1	1	0.9651347	0.6489759	1	1
37	2	21	600	3	1	1	0.5158331	0.8153592	1	1
37	2	22	600	1	1	1	0.7987255	NA	1	0
37	2	23	400	3	1	1	0.3660802	0.615695	1	1
37	2	24	400	1	1	1	0.7987223	0.399358	1	1
37	6	1	0	2	2	1	0.8652593	0.5990299	1	1
37	6	2	200	3	2	1	0.7487761	0.449262	1	1
37	6	3	600	1	2	1	0.6323022	0	1	1
37	6	4	400	2	2	1	0.7487878	0.4326311	1	1
37	6	5	200	3	2	1	0.465925	0.6489514	1	1
37	6	6	0	1	2	1	NA	0.7986139	0	1
37	6	7	200	2	2	1	0.7321461	0.4160084	1	1
37	6	8	400	1	2	1	0.6158499	0.3827149	1	1
37	6	9	400	3	2	1	0.7321537	0.4326381	1	1
37	6	10	200	1	2	1	0.7987151	NA	1	0
37	6	11	600	2	2	1	0.7819474	0.3826931	1	1
37	6	12	0	2	2	1	0.931832	0.5823955	1	1
37	6	13	600	3	2	1	0.3827154	0.6988853	1	1
37	6	14	400	1	2	1	0.6323138	0.3660786	1	1
37	6	15	200	2	2	1	0.8153694	0.4659338	1	1
37	6	16	0	1	2	1	0.515843	0.8153364	1	1
37	6	17	200	1	2	1	0.7654353	0.4659131	1	1
37	6	18	400	2	2	1	0.7321438	0.3660836	1	1
37	6	19	600	2	2	1	0.6323106	0.2995109	1	1
37	6	20	600	1	2	1	0.8319597	NA	1	0
37	6	21	600	3	2	1	0.6988547	0.3827156	1	1
37	6	22	0	3	2	1	0.5325932	0.8320861	1	1
37	6	23	0	3	2	1	0.7820695	NA	1	0
37	6	24	400	3	2	1	0.3827041	0.6988574	1	1
38	4	1	600	1	1	1	NA	NA	0	0
38	4	2	600	1	1	1	NA	NA	0	0
38	4	3	600	3	1	1	NA	NA	0	0
38	4	4	400	2	1	1	NA	NA	0	0
38	4	5	0	2	1	1	NA	NA	0	0
38	4	6	400	3	1	1	NA	0.2828845	0	1
38	4	7	200	3	1	1	NA	NA	0	0
38	4	8	600	2	1	1	NA	NA	0	0
38	4	9	400	1	1	1	NA	NA	0	0
38	4	10	200	3	1	1	0.6822049	NA	1	0
38	4	11	400	3	1	1	0.2496116	NA	1	0
38	4	12	400	1	1	1	NA	NA	0	0
38	4	13	0	3	1	1	NA	0.6988758	0	1
38	4	14	200	2	1	1	NA	NA	0	0
38	4	15	200	1	1	1	NA	NA	0	0
38	4	16	0	1	1	1	NA	NA	0	0
38	4	17	0	3	1	1	1.1480025	NA	1	0
38	4	18	0	2	1	1	NA	NA	0	0
38	4	19	400	2	1	1	NA	NA	0	0
38	4	20	600	2	1	1	NA	NA	0	0
38	4	21	200	2	1	1	NA	NA	0	0
38	4	22	0	1	1	1	NA	NA	0	0
38	4	23	200	1	1	1	NA	NA	0	0
38	4	24	600	3	1	1	NA	0.5158066	0	1
38	8	1	600	3	2	1	0.6655825	NA	1	0
38	8	2	200	1	2	1	NA	NA	0	0
38	8	3	400	1	2	1	NA	NA	0	0
38	8	4	0	1	2	1	NA	NA	0	0
38	8	5	400	3	2	1	0.5156774	NA	1	0
38	8	6	600	2	2	1	NA	NA	0	0
38	8	7	400	1	2	1	NA	NA	0	0
38	8	8	400	2	2	1	NA	0.7155097	0	1
38	8	9	600	1	2	1	NA	NA	0	0
38	8	10	200	2	2	1	NA	NA	0	0
38	8	11	200	2	2	1	NA	0.6321562	0	1
38	8	12	200	3	2	1	0.7321143	NA	1	0
38	8	13	200	1	2	1	NA	NA	0	0
38	8	14	600	3	2	1	NA	0.7487687	0	1
38	8	15	0	1	2	1	NA	NA	0	0
38	8	16	0	2	2	1	NA	NA	0	0
38	8	17	600	2	2	1	NA	NA	0	0
38	8	18	400	3	2	1	NA	NA	0	0
38	8	19	0	3	2	1	NA	NA	0	0
38	8	20	400	2	2	1	NA	NA	0	0
38	8	21	200	3	2	1	NA	0.6322781	0	1
38	8	22	0	3	2	1	NA	0.9484572	0	1
38	8	23	600	1	2	1	NA	NA	0	0
38	8	24	0	2	2	1	NA	0.9484628	0	1
39	2	1	0	3	2	1	0	NA	1	0
39	2	2	400	3	2	1	NA	0.7987144	0	1
39	2	3	400	2	2	1	NA	NA	0	0
39	2	4	400	3	2	1	0.2827295	NA	1	0
39	2	5	0	2	2	1	NA	NA	0	0
39	2	6	600	2	2	1	NA	NA	0	0
39	2	7	0	2	2	1	NA	NA	0	0
39	2	8	600	3	2	1	NA	1.2980462	0	1
39	2	9	600	2	2	1	NA	NA	0	0
39	2	10	200	1	2	1	NA	NA	0	0
39	2	11	400	1	2	1	NA	NA	0	0
39	2	12	400	2	2	1	NA	NA	0	0
39	2	13	200	3	2	1	NA	0.4991256	0	1
39	2	14	0	1	2	1	NA	NA	0	0
39	2	15	200	2	2	1	NA	NA	0	0
39	2	16	600	3	2	1	0.3660758	NA	1	0
39	2	17	600	1	2	1	NA	NA	0	0
39	2	18	0	3	2	1	NA	0.8819161	0	1
39	2	19	200	2	2	1	NA	NA	0	0
39	2	20	200	1	2	1	0	NA	1	0
39	2	21	0	1	2	1	NA	NA	0	0
39	2	22	400	1	2	1	NA	NA	0	0
39	2	23	600	1	2	1	NA	NA	0	0
39	2	24	200	3	2	1	0.4992244	NA	1	0
39	6	1	400	3	1	1	NA	0.7154393	0	1
39	6	2	400	1	1	1	NA	NA	0	0
39	6	3	400	1	1	1	NA	NA	0	0
39	6	4	200	3	1	1	NA	1.3478432	0	1
39	6	5	200	2	1	1	NA	NA	0	0
39	6	6	400	2	1	1	NA	NA	0	0
39	6	7	600	3	1	1	NA	1.0316607	0	1
39	6	8	400	3	1	1	0.6489665	NA	1	0
39	6	9	200	1	1	1	NA	NA	0	0
39	6	10	0	3	1	1	0.8818144	NA	1	0
39	6	11	0	3	1	1	NA	0.6489403	0	1
39	6	12	200	1	1	1	NA	NA	0	0
39	6	13	600	1	1	1	NA	NA	0	0
39	6	14	400	2	1	1	NA	NA	0	0
39	6	15	0	1	1	1	NA	NA	0	0
39	6	16	600	2	1	1	NA	NA	0	0
39	6	17	0	2	1	1	NA	NA	0	0
39	6	18	600	1	1	1	NA	NA	0	0
39	6	19	600	3	1	1	0.898531	NA	1	0
39	6	20	600	2	1	1	NA	NA	0	0
39	6	21	200	2	1	1	NA	NA	0	0
39	6	22	0	1	1	1	NA	NA	0	0
39	6	23	200	3	1	1	NA	NA	0	0
39	6	24	0	2	1	1	NA	NA	0	0
40	4	1	200	1	2	1	NA	NA	0	0
40	4	2	400	2	2	1	NA	NA	0	0
40	4	3	400	1	2	1	NA	NA	0	0
40	4	4	400	1	2	1	NA	NA	0	0
40	4	5	200	2	2	1	NA	NA	0	0
40	4	6	200	1	2	1	NA	NA	0	0
40	4	7	600	1	2	1	NA	NA	0	0
40	4	8	200	3	2	1	0.7487968	NA	1	0
40	4	9	0	1	2	1	NA	NA	0	0
40	4	10	200	2	2	1	NA	NA	0	0
40	4	11	200	3	2	1	NA	0.6822319	0	1
40	4	12	600	2	2	1	NA	NA	0	0
40	4	13	400	3	2	1	NA	0.4991944	0	1
40	4	14	0	2	2	1	NA	NA	0	0
40	4	15	600	3	2	1	NA	NA	0	0
40	4	16	400	3	2	1	0.582386	1.5142344	1	1
40	4	17	600	2	2	1	NA	NA	0	0
40	4	18	400	2	2	1	NA	NA	0	0
40	4	19	0	2	2	1	NA	NA	0	0
40	4	20	600	1	2	1	NA	NA	0	0
40	4	21	0	1	2	1	NA	NA	0	0
40	4	22	0	3	2	1	NA	0.7987021	0	1
40	4	23	600	3	2	1	NA	0.3827113	0	1
40	4	24	0	3	2	1	1.0982399	NA	1	0
40	8	1	0	3	1	1	NA	1.0649514	0	1
40	8	2	400	1	1	1	NA	NA	0	0
40	8	3	400	3	1	1	NA	0.4825537	0	1
40	8	4	400	3	1	1	0.5823917	NA	1	0
40	8	5	0	1	1	1	NA	NA	0	0
40	8	6	0	2	1	1	NA	NA	0	0
40	8	7	600	3	1	1	NA	NA	0	0
40	8	8	0	1	1	1	NA	NA	0	0
40	8	9	200	3	1	1	NA	0.5824069	0	1
40	8	10	400	1	1	1	NA	NA	0	0
40	8	11	400	2	1	1	NA	NA	0	0
40	8	12	600	1	1	1	NA	NA	0	0
40	8	13	200	2	1	1	NA	NA	0	0
40	8	14	400	2	1	1	NA	NA	0	0
40	8	15	200	2	1	1	NA	NA	0	0
40	8	16	600	1	1	1	NA	NA	0	0
40	8	17	0	3	1	1	0.7487882	NA	1	0
40	8	18	200	1	1	1	NA	NA	0	0
40	8	19	600	3	1	1	NA	0.549066	0	1
40	8	20	0	2	1	1	NA	NA	0	0
40	8	21	600	2	1	1	NA	NA	0	0
40	8	22	200	3	1	1	0.4659268	NA	1	0
40	8	23	600	2	1	1	NA	NA	0	0
40	8	24	200	1	1	1	NA	NA	0	0
41	2	1	400	2	1	1	0.1331359	NA	1	0
41	2	2	400	3	1	1	0.4657688	1.3144058	1	1
41	2	3	400	1	1	1	0.39936	NA	1	0
41	2	4	200	3	1	1	NA	NA	0	0
41	2	5	600	1	1	1	NA	NA	0	0
41	2	6	200	3	1	1	0.5655975	NA	1	0
41	2	7	0	1	1	1	NA	0.5990207	0	1
41	2	8	600	3	1	1	2.046574	0.1497438	1	1
41	2	9	400	1	1	1	0.782053	NA	1	0
41	2	10	200	2	1	1	0.5159603	NA	1	0
41	2	11	600	2	1	1	0.41598	NA	1	0
41	2	12	0	2	1	1	NA	NA	0	0
41	2	13	200	1	1	1	2.8287551	2.5458784	1	1
41	2	14	600	1	1	1	0.6156544	NA	1	0
41	2	15	600	2	1	1	0.2995039	NA	1	0
41	2	16	600	3	1	1	0.4825478	NA	1	0
41	2	17	0	1	1	1	0.5989589	NA	1	0
41	2	18	0	3	1	1	NA	0.6323029	0	1
41	2	19	0	3	1	1	0.6988644	1.0482929	1	1
41	2	20	0	2	1	1	0.6655979	NA	1	0
41	2	21	200	2	1	1	0.5324702	NA	1	0
41	2	22	200	1	1	1	0.5323824	NA	1	0
41	2	23	400	3	1	1	NA	1.6805961	0	1
41	2	24	400	2	1	1	0.4159922	NA	1	0
41	6	1	0	3	2	1	0.6488587	NA	1	0
41	6	2	400	3	2	1	1.1148608	0.4493406	1	1
41	6	3	600	3	2	1	0.4326289	1.48103	1	1
41	6	4	200	3	2	1	NA	0.5657553	0	1
41	6	5	400	2	2	1	0.5158289	NA	1	0
41	6	6	400	3	2	1	0.5324659	NA	1	0
41	6	7	600	2	2	1	0.4159925	NA	1	0
41	6	8	400	1	2	1	0.4160074	NA	1	0
41	6	9	0	3	2	1	NA	0.71551	0	1
41	6	10	600	2	2	1	0.3993305	NA	1	0
41	6	11	600	1	2	1	0.3827183	NA	1	0
41	6	12	0	1	2	1	0.6156722	NA	1	0
41	6	13	600	3	2	1	NA	0.2828713	0	1
41	6	14	200	1	2	1	0.582387	NA	1	0
41	6	15	200	3	2	1	0.5323433	NA	1	0
41	6	16	200	2	2	1	NA	NA	0	0
41	6	17	600	1	2	1	0.1497296	NA	1	0
41	6	18	400	1	2	1	0.4492726	NA	1	0
41	6	19	200	2	2	1	NA	NA	0	0
41	6	20	400	2	2	1	NA	NA	0	0
41	6	21	0	2	2	1	NA	NA	0	0
41	6	22	0	1	2	1	NA	0.6988442	0	1
41	6	23	0	2	2	1	NA	NA	0	0
41	6	24	200	1	2	1	NA	NA	0	0
42	4	1	0	3	1	1	NA	NA	0	0
42	4	2	200	3	1	1	NA	NA	0	0
42	4	3	0	1	1	1	NA	NA	0	0
42	4	4	400	1	1	1	NA	2.2795433	0	1
42	4	5	400	3	1	1	NA	1.0649337	0	1
42	4	6	200	3	1	1	NA	NA	0	0
42	4	7	200	1	1	1	NA	NA	0	0
42	4	8	600	1	1	1	NA	NA	0	0
42	4	9	600	3	1	1	NA	NA	0	0
42	4	10	200	2	1	1	NA	NA	0	0
42	4	11	400	3	1	1	0.7487687	NA	1	0
42	4	12	400	2	1	1	NA	NA	0	0
42	4	13	200	1	1	1	NA	NA	0	0
42	4	14	400	2	1	1	NA	NA	0	0
42	4	15	200	2	1	1	NA	NA	0	0
42	4	16	0	2	1	1	NA	NA	0	0
42	4	17	600	2	1	1	NA	NA	0	0
42	4	18	0	1	1	1	NA	NA	0	0
42	4	19	600	3	1	1	NA	NA	0	0
42	4	20	0	2	1	1	NA	NA	0	0
42	4	21	0	3	1	1	NA	NA	0	0
42	4	22	600	2	1	1	NA	NA	0	0
42	4	23	600	1	1	1	NA	NA	0	0
42	4	24	400	1	1	1	NA	NA	0	0
42	8	1	600	1	2	1	NA	NA	0	0
42	8	2	200	2	2	1	NA	NA	0	0
42	8	3	600	3	2	1	NA	NA	0	0
42	8	4	0	1	2	1	NA	NA	0	0
42	8	5	200	3	2	1	NA	NA	0	0
42	8	6	200	1	2	1	NA	NA	0	0
42	8	7	400	2	2	1	NA	NA	0	0
42	8	8	200	3	2	1	NA	NA	0	0
42	8	9	400	1	2	1	NA	NA	0	0
42	8	10	0	2	2	1	NA	NA	0	0
42	8	11	0	2	2	1	NA	NA	0	0
42	8	12	600	2	2	1	NA	NA	0	0
42	8	13	200	2	2	1	NA	NA	0	0
42	8	14	400	1	2	1	NA	NA	0	0
42	8	15	600	1	2	1	NA	NA	0	0
42	8	16	600	2	2	1	NA	NA	0	0
42	8	17	0	3	2	1	NA	NA	0	0
42	8	18	0	3	2	1	NA	NA	0	0
42	8	19	400	2	2	1	NA	NA	0	0
42	8	20	600	3	2	1	NA	NA	0	0
42	8	21	400	3	2	1	NA	NA	0	0
42	8	22	0	1	2	1	NA	NA	0	0
42	8	23	400	3	2	1	NA	NA	0	0
42	8	24	200	1	2	1	NA	NA	0	0
43	2	1	0	3	2	1	1.3478768	NA	1	0
43	2	2	600	1	2	1	NA	NA	0	0
43	2	3	0	3	2	1	1.0649826	NA	1	0
43	2	4	400	2	2	1	NA	0.9817854	0	1
43	2	5	200	3	2	1	NA	1.4976466	0	1
43	2	6	200	1	2	1	NA	0.9818312	0	1
43	2	7	200	1	2	1	NA	1.015055	0	1
43	2	8	600	3	2	1	0.8321095	NA	1	0
43	2	9	0	1	2	1	NA	1.1648538	0	1
43	2	10	0	1	2	1	NA	2.3629685	0	1
43	2	11	400	3	2	1	NA	NA	0	0
43	2	12	200	2	2	1	NA	1.3313505	0	1
43	2	13	400	1	2	1	NA	0.5824209	0	1
43	2	14	400	1	2	1	NA	1.4311861	0	1
43	2	15	600	1	2	1	NA	NA	0	0
43	2	16	600	3	2	1	1.2481503	NA	1	0
43	2	17	200	2	2	1	NA	0.8819306	0	1
43	2	18	0	2	2	1	NA	1.0649781	0	1
43	2	19	400	3	2	1	NA	0.9651458	0	1
43	2	20	600	2	2	1	NA	0.8320322	0	1
43	2	21	600	2	2	1	NA	0.6656227	0	1
43	2	22	0	2	2	1	NA	0.8819312	0	1
43	2	23	400	2	2	1	NA	0.8819488	0	1
43	2	24	200	3	2	1	NA	1.1648264	0	1
43	6	1	400	1	1	1	NA	NA	0	0
43	6	2	0	3	1	1	NA	NA	0	0
43	6	3	0	1	1	1	1.0649617	NA	1	0
43	6	4	400	3	1	1	NA	0.8154231	0	1
43	6	5	600	3	1	1	NA	0.7321702	0	1
43	6	6	400	1	1	1	NA	0.9653687	0	1
43	6	7	200	3	1	1	NA	0.7987424	0	1
43	6	8	600	2	1	1	0.1331101	NA	1	0
43	6	9	600	2	1	1	0.6822234	NA	1	0
43	6	10	200	2	1	1	0.7488145	NA	1	0
43	6	11	200	2	1	1	NA	NA	0	0
43	6	12	200	1	1	1	NA	1.331196	0	1
43	6	13	200	3	1	1	0.5823958	1.3644704	1	1
43	6	14	600	1	1	1	NA	0.7987032	0	1
43	6	15	0	2	1	1	0.7654272	NA	1	0
43	6	16	400	2	1	1	0.5491088	NA	1	0
43	6	17	600	1	1	1	NA	0.6655963	0	1
43	6	18	0	3	1	1	NA	0.6988863	0	1
43	6	19	400	2	1	1	0.1995997	NA	1	0
43	6	20	0	2	1	1	0.7654252	NA	1	0
43	6	21	400	3	1	1	0.5491196	NA	1	0
43	6	22	600	3	1	1	0.5491052	NA	1	0
43	6	23	0	1	1	1	NA	NA	0	0
43	6	24	200	1	1	1	NA	1.1148641	0	1
44	4	1	0	1	2	1	NA	NA	0	0
44	4	2	600	3	2	1	NA	NA	0	0
44	4	3	400	2	2	1	NA	NA	0	0
44	4	4	400	1	2	1	NA	NA	0	0
44	4	5	600	2	2	1	NA	NA	0	0
44	4	6	200	2	2	1	NA	NA	0	0
44	4	7	400	3	2	1	NA	NA	0	0
44	4	8	0	3	2	1	NA	NA	0	0
44	4	9	400	2	2	1	NA	NA	0	0
44	4	10	200	2	2	1	NA	NA	0	0
44	4	11	0	2	2	1	NA	NA	0	0
44	4	12	0	2	2	1	NA	NA	0	0
44	4	13	0	1	2	1	NA	NA	0	0
44	4	14	600	2	2	1	NA	NA	0	0
44	4	15	600	3	2	1	NA	NA	0	0
44	4	16	200	3	2	1	NA	NA	0	0
44	4	17	0	3	2	1	NA	NA	0	0
44	4	18	400	1	2	1	NA	NA	0	0
44	4	19	200	1	2	1	NA	NA	0	0
44	4	20	200	3	2	1	NA	NA	0	0
44	4	21	600	1	2	1	NA	NA	0	0
44	4	22	400	3	2	1	NA	NA	0	0
44	4	23	600	1	2	1	NA	NA	0	0
44	4	24	200	1	2	1	NA	NA	0	0
44	8	1	400	3	1	1	NA	NA	0	0
44	8	2	400	1	1	1	NA	NA	0	0
44	8	3	400	2	1	1	NA	NA	0	0
44	8	4	400	3	1	1	NA	NA	0	0
44	8	5	200	1	1	1	NA	NA	0	0
44	8	6	200	2	1	1	NA	NA	0	0
44	8	7	0	2	1	1	NA	NA	0	0
44	8	8	0	1	1	1	NA	NA	0	0
44	8	9	0	2	1	1	NA	NA	0	0
44	8	10	0	3	1	1	NA	NA	0	0
44	8	11	600	2	1	1	NA	NA	0	0
44	8	12	200	3	1	1	NA	NA	0	0
44	8	13	200	2	1	1	NA	NA	0	0
44	8	14	600	3	1	1	NA	NA	0	0
44	8	15	200	3	1	1	NA	NA	0	0
44	8	16	600	1	1	1	NA	NA	0	0
44	8	17	600	1	1	1	NA	NA	0	0
44	8	18	0	1	1	1	NA	NA	0	0
44	8	19	400	2	1	1	NA	NA	0	0
44	8	20	400	1	1	1	NA	NA	0	0
44	8	21	200	1	1	1	NA	NA	0	0
44	8	22	0	3	1	1	NA	NA	0	0
44	8	23	600	3	1	1	NA	NA	0	0
44	8	24	600	2	1	1	NA	NA	0	0
45	2	1	0	2	1	1	NA	NA	0	0
45	2	2	200	2	1	1	NA	NA	0	0
45	2	3	200	3	1	1	0.5824729	NA	1	0
45	2	4	0	3	1	1	0.7654418	NA	1	0
45	2	5	400	3	1	1	0.5990184	NA	1	0
45	2	6	0	1	1	1	NA	NA	0	0
45	2	7	200	3	1	1	0.5824043	1.1815664	1	1
45	2	8	400	2	1	1	NA	NA	0	0
45	2	9	600	3	1	1	0.6489321	NA	1	0
45	2	10	0	2	1	1	NA	NA	0	0
45	2	11	600	3	1	1	NA	NA	0	0
45	2	12	400	1	1	1	NA	NA	0	0
45	2	13	400	1	1	1	NA	NA	0	0
45	2	14	200	1	1	1	NA	NA	0	0
45	2	15	400	3	1	1	NA	NA	0	0
45	2	16	600	1	1	1	NA	NA	0	0
45	2	17	600	1	1	1	NA	NA	0	0
45	2	18	0	1	1	1	NA	NA	0	0
45	2	19	0	3	1	1	NA	NA	0	0
45	2	20	600	2	1	1	NA	NA	0	0
45	2	21	200	1	1	1	NA	NA	0	0
45	2	22	200	2	1	1	NA	NA	0	0
45	2	23	600	2	1	1	NA	1.5308648	0	1
45	2	24	400	2	1	1	NA	NA	0	0
45	6	1	200	2	2	1	NA	NA	0	0
45	6	2	400	1	2	1	NA	NA	0	0
45	6	3	600	3	2	1	NA	0.3161632	0	1
45	6	4	600	2	2	1	NA	NA	0	0
45	6	5	600	1	2	1	1.0815728	NA	1	0
45	6	6	200	2	2	1	NA	NA	0	0
45	6	7	400	2	2	1	NA	NA	0	0
45	6	8	400	1	2	1	NA	NA	0	0
45	6	9	600	2	2	1	NA	0.4492628	0	1
45	6	10	400	3	2	1	NA	NA	0	0
45	6	11	400	2	2	1	NA	0.5823591	0	1
45	6	12	200	1	2	1	NA	NA	0	0
45	6	13	200	1	2	1	NA	NA	0	0
45	6	14	0	1	2	1	NA	NA	0	0
45	6	15	0	2	2	1	NA	NA	0	0
45	6	16	200	3	2	1	NA	NA	0	0
45	6	17	0	3	2	1	NA	NA	0	0
45	6	18	600	1	2	1	0.1497631	NA	1	0
45	6	19	200	3	2	1	NA	NA	0	0
45	6	20	0	2	2	1	NA	1.1145918	0	1
45	6	21	600	3	2	1	0.2994954	NA	1	0
45	6	22	0	3	2	1	0.9151494	NA	1	0
45	6	23	400	3	2	1	NA	NA	0	0
46	4	1	200	2	1	1	0.6655868	NA	1	0
46	4	2	400	3	1	1	0.6655729	NA	1	0
46	4	3	0	3	1	1	0.8153268	NA	1	0
46	4	4	400	3	1	1	NA	0.2995111	0	1
46	4	5	200	3	1	1	0.6490382	NA	1	0
46	4	6	600	1	1	1	NA	0.6655842	0	1
46	4	7	400	2	1	1	0.5159078	NA	1	0
46	4	8	200	3	1	1	NA	0.4991884	0	1
46	4	9	400	2	1	1	0.5490882	1.3311304	1	1
46	4	10	600	1	1	1	0.8486131	NA	1	0
46	4	11	0	1	1	1	1.1479598	NA	1	0
46	4	12	600	2	1	1	0.4657918	NA	1	0
46	4	13	200	2	1	1	0.648979	NA	1	0
46	4	14	600	3	1	1	1.3146108	0.5657255	1	1
46	4	15	0	2	1	1	0.782042	NA	1	0
46	4	16	200	1	1	1	0.8985117	NA	1	0
46	4	17	600	3	1	1	0.7154914	NA	1	0
46	4	18	0	1	1	1	0.898544	NA	1	0
46	4	19	600	2	1	1	0.4991884	NA	1	0
46	4	20	0	3	1	1	0.9983533	NA	1	0
46	4	21	400	1	1	1	0.6822353	NA	1	0
46	4	22	0	2	1	1	0.698834	NA	1	0
46	4	23	400	1	1	1	NA	NA	0	0
46	4	24	200	1	1	1	0.6987842	NA	1	0
46	8	1	0	1	2	1	NA	NA	0	0
46	8	2	200	3	2	1	0.5657329	NA	1	0
46	8	3	200	3	2	1	NA	0.6489265	0	1
46	8	4	0	3	2	1	0.915155	NA	1	0
46	8	5	400	1	2	1	0.6156481	NA	1	0
46	8	6	200	1	2	1	NA	NA	0	0
46	8	7	200	2	2	1	NA	0.5657323	0	1
46	8	8	400	3	2	1	0.6990049	NA	1	0
46	8	9	600	2	2	1	NA	NA	0	0
46	8	10	400	2	2	1	1.8138316	NA	1	0
46	8	11	0	1	2	1	NA	NA	0	0
46	8	12	0	3	2	1	NA	1.0316374	0	1
46	8	13	0	2	2	1	NA	0.8819166	0	1
46	8	14	600	3	2	1	0.7321348	NA	1	0
46	8	15	600	3	2	1	NA	0.4825209	0	1
46	8	16	400	1	2	1	NA	NA	0	0
46	8	17	200	2	2	1	1.9467996	NA	1	0
46	8	18	400	2	2	1	NA	NA	0	0
46	8	19	400	3	2	1	NA	0.6489331	0	1
46	8	20	600	2	2	1	NA	NA	0	0
46	8	21	600	1	2	1	NA	NA	0	0
46	8	22	0	2	2	1	NA	NA	0	0
46	8	23	200	1	2	1	NA	NA	0	0
46	8	24	600	1	2	1	NA	NA	0	0
47	2	1	400	3	2	1	0.8985245	NA	1	0
47	2	2	200	1	2	1	1.7804519	0.5491269	1	1
47	2	3	200	1	2	1	1.6305683	0.5823791	1	1
47	2	4	600	3	2	1	1.2146782	0.6655689	1	1
47	2	5	0	2	2	1	NA	NA	0	0
47	2	6	0	3	2	1	0.7820636	1.2313401	1	1
47	2	7	600	2	2	1	1.0982038	0.6988566	1	1
47	2	8	600	1	2	1	1.4975694	0.4160036	1	1
47	2	9	400	2	2	1	NA	0.9318191	0	1
47	2	10	0	3	2	1	NA	0.7654226	0	1
47	2	11	200	3	2	1	0.6489568	NA	1	0
47	2	12	600	3	2	1	NA	1.8136524	0	1
47	2	13	0	2	2	1	1.3810722	0.8486024	1	1
47	2	14	400	1	2	1	1.4476045	0.5158184	1	1
47	2	15	200	2	2	1	1.4310059	0.6822246	1	1
47	2	16	600	2	2	1	NA	0.931924	0	1
47	2	17	400	1	2	1	2.013386	0.54911	1	1
47	2	18	400	3	2	1	0.6988328	1.2146494	1	1
47	2	19	200	3	2	1	NA	0.782064	0	1
47	2	20	400	2	2	1	NA	0.7654255	0	1
47	2	21	0	1	2	1	1.6806365	0.8153465	1	1
47	2	22	0	1	2	1	1.5973917	0.8486151	1	1
47	2	23	200	2	2	1	0.6322705	1.1147565	1	1
47	2	24	600	1	2	1	NA	0.4658962	0	1
47	6	1	400	3	1	1	0.5491145	1.2812487	1	1
47	6	2	200	1	1	1	0.6655964	1.381078	1	1
47	6	3	200	2	1	1	0.6989582	NA	1	0
47	6	4	400	2	1	1	0.7154906	NA	1	0
47	6	5	0	2	1	1	2.2297142	1.0983159	1	1
47	6	6	400	3	1	1	NA	0.7487899	0	1
47	6	7	0	1	1	1	0.8486337	NA	1	0
47	6	8	0	3	1	1	0.9150017	1.4641143	1	1
47	6	9	600	2	1	1	0.3993552	0.9318144	1	1
47	6	10	600	1	1	1	NA	0.6323024	0	1
47	6	11	600	3	1	1	0.5990155	NA	1	0
47	6	12	600	3	1	1	0.4991769	1.0482912	1	1
47	6	13	200	3	1	1	NA	0.7154923	0	1
47	6	14	400	1	1	1	1.015004	NA	1	0
47	6	15	0	1	1	1	NA	0.9817466	0	1
47	6	16	0	2	1	1	NA	NA	0	0
47	6	17	200	2	1	1	0.98174	NA	1	0
47	6	18	0	3	1	1	NA	1.1483075	0	1
47	6	19	400	1	1	1	0.8486398	NA	1	0
47	6	20	200	3	1	1	1.9302801	0.6989738	1	1
47	6	21	600	2	1	1	NA	1.3478092	0	1
47	6	22	600	1	1	1	NA	0.5324336	0	1
47	6	23	200	1	1	1	0.915172	1.497555	1	1
47	6	24	400	2	1	1	NA	0.9650853	0	1
48	4	1	0	3	2	1	NA	NA	0	0
48	4	2	200	3	2	1	NA	NA	0	0
48	4	3	0	1	2	1	NA	NA	0	0
48	4	4	400	2	2	1	NA	NA	0	0
48	4	5	400	2	2	1	NA	NA	0	0
48	4	6	600	1	2	1	NA	NA	0	0
48	4	7	0	3	2	1	NA	NA	0	0
48	4	8	200	1	2	1	NA	NA	0	0
48	4	9	400	1	2	1	NA	NA	0	0
48	4	10	200	1	2	1	NA	NA	0	0
48	4	11	400	1	2	1	NA	NA	0	0
48	4	12	0	2	2	1	NA	NA	0	0
48	4	13	0	2	2	1	NA	NA	0	0
48	4	14	400	3	2	1	NA	NA	0	0
48	4	15	600	2	2	1	NA	NA	0	0
48	4	16	200	2	2	1	NA	NA	0	0
48	4	17	400	3	2	1	NA	NA	0	0
48	4	18	0	1	2	1	NA	NA	0	0
48	4	19	600	2	2	1	NA	NA	0	0
48	4	20	600	3	2	1	NA	NA	0	0
48	4	21	600	3	2	1	NA	NA	0	0
48	4	22	200	3	2	1	NA	NA	0	0
48	4	23	200	2	2	1	NA	NA	0	0
48	4	24	600	1	2	1	NA	NA	0	0
48	8	1	0	3	1	1	NA	NA	0	0
48	8	2	200	2	1	1	NA	NA	0	0
48	8	3	600	2	1	1	NA	NA	0	0
48	8	4	0	2	1	1	NA	NA	0	0
48	8	5	400	1	1	1	NA	NA	0	0
48	8	6	400	2	1	1	NA	NA	0	0
48	8	7	400	2	1	1	NA	NA	0	0
48	8	8	400	3	1	1	NA	NA	0	0
48	8	9	200	2	1	1	NA	NA	0	0
48	8	10	600	3	1	1	NA	NA	0	0
48	8	11	200	3	1	1	NA	NA	0	0
48	8	12	200	3	1	1	NA	NA	0	0
48	8	13	400	1	1	1	NA	NA	0	0
48	8	14	0	2	1	1	NA	NA	0	0
48	8	15	600	1	1	1	NA	NA	0	0
48	8	16	400	3	1	1	NA	NA	0	0
48	8	17	200	1	1	1	NA	NA	0	0
48	8	18	200	1	1	1	NA	NA	0	0
48	8	19	0	1	1	1	NA	NA	0	0
48	8	20	600	1	1	1	NA	NA	0	0
48	8	21	600	3	1	1	NA	NA	0	0
48	8	22	600	2	1	1	NA	NA	0	0
48	8	23	0	3	1	1	NA	NA	0	0
48	8	24	0	1	1	1	NA	NA	0	0
